0.00487996 0.00325882 1.31872e-09 1.1717
0.0600822 0.0202114 -4.96153e-09 1.15819
0.427597 0.0793862 1.2121e-08 0.497174
0.817218 0.0851496 -1.67787e-08 0.0424523
0.909513 0.0606494 2.09029e-08 0.0017787
0.926748 0.0460964 -2.60577e-08 0.000178932
0.938352 0.0388078 3.17379e-08 1.85001e-06
0.943709 0.0354403 -3.78533e-08 9.6481e-06
0.944087 0.0343499 4.45043e-08 -4.87034e-06
0.942307 0.0349583 -5.1815e-08 3.41727e-06
0.93951 0.0367914 5.99374e-08 -2.39403e-06
0.935722 0.0396147 -6.90291e-08 1.75836e-06
0.93087 0.0431097 7.93196e-08 -1.32811e-06
0.925531 0.0469202 -9.10754e-08 1.02986e-06
0.920668 0.0504514 1.04677e-07 -8.14513e-07
0.917472 0.0529545 -1.20568e-07 6.55765e-07
0.916888 0.0536174 1.39377e-07 -5.35158e-07
0.919385 0.0518841 -1.6184e-07 4.42073e-07
0.924668 0.0477226 1.88991e-07 -3.6862e-07
0.9319 0.0416972 -2.22031e-07 3.10034e-07
0.940136 0.0348251 2.62654e-07 -2.6252e-07
0.948951 0.0282283 -3.12825e-07 2.2362e-07
0.958202 0.0230352 3.75462e-07 -1.91283e-07
0.966497 0.020289 -4.54242e-07 1.64207e-07
0.968105 0.0214945 5.55255e-07 -1.41371e-07
0.951918 0.0296446 -6.86633e-07 1.22196e-07
0.903854 0.053462 8.62328e-07 -1.06482e-07
0.804071 0.119928 -1.10231e-06 9.48887e-08
0.611931 0.298329 1.41596e-06 -8.76632e-08
0.3432 0.621491 -1.71872e-06 7.96612e-08
0.155757 0.865694 2.12073e-06 -6.67579e-08
0.101325 0.90336 -2.95712e-06 5.52719e-08
0.139535 0.830552 5.52534e-06 -4.69151e-08
0.28793 0.660356 -1.19799e-06 4.05521e-08
0.579668 0.39382 0.000132569 -3.4291e-08
0.848211 0.169961 0.00148933 2.66825e-08
0.870932 0.0620417 0.0377833 -2.04974e-08
0.494867 0.0139755 0.478885 1.48791e-08
0.07039 0.000874086 1.17133 -5.8722e-09
0.00530865 4.42231e-05 1.17491 1.53098e-09
0.00480466 0.00365119 1.31996e-09 1.17102
0.0582506 0.0234868 -4.9561e-09 1.15669
0.41212 0.0967032 1.20135e-08 0.498909
0.794409 0.110049 -1.66573e-08 0.043112
0.8915 0.0821432 2.07964e-08 0.00182127
0.911384 0.064126 -2.59231e-08 0.000182738
0.923679 0.0547769 3.15659e-08 2.27509e-06
0.929379 0.0503758 -3.76447e-08 9.71331e-06
0.929882 0.0490171 4.42566e-08 -4.87791e-06
0.927805 0.0500142 -5.15225e-08 3.43058e-06
0.924355 0.0527998 5.95945e-08 -2.40567e-06
0.919713 0.0570702 -6.86311e-08 1.76942e-06
0.913948 0.0623874 7.88612e-08 -1.33852e-06
0.907738 0.0682017 -9.05477e-08 1.03957e-06
0.902225 0.0735856 1.04067e-07 -8.23337e-07
0.89889 0.0773444 -1.19862e-07 6.63505e-07
0.899034 0.0781933 1.38563e-07 -5.41637e-07
0.903337 0.0752795 -1.6091e-07 4.47196e-07
0.911355 0.0686183 1.87933e-07 -3.72396e-07
0.921698 0.0592094 -2.20814e-07 3.12588e-07
0.932696 0.0487182 2.61226e-07 -2.6408e-07
0.943364 0.0388801 -3.11133e-07 2.24478e-07
0.953293 0.031212 3.73489e-07 -1.91735e-07
0.961085 0.0269287 -4.52021e-07 1.64491e-07
0.961227 0.0276155 5.52837e-07 -1.41647e-07
0.943049 0.036556 -6.84081e-07 1.22582e-07
0.892171 0.0634848 8.59778e-07 -1.07108e-07
0.786135 0.137979 -1.0987e-06 9.5838e-08
0.585509 0.329249 1.40268e-06 -8.85632e-08
0.321056 0.650438 -1.69332e-06 7.98347e-08
0.146989 0.874059 2.10565e-06 -6.67207e-08
0.0995484 0.902594 -2.95569e-06 5.53853e-08
0.14102 0.828387 5.53759e-06 -4.70831e-08
0.292656 0.65639 -1.18148e-06 4.07204e-08
0.585852 0.388971 0.000132998 -3.43912e-08
0.850418 0.167218 0.00149001 2.67262e-08
0.870576 0.0611177 0.0377841 -2.05464e-08
0.494623 0.0137963 0.478976 1.49231e-08
0.0703582 0.000863879 1.17147 -5.89131e-09
0.0053056 4.37161e-05 1.17491 1.53595e-09
0.00459698 0.00440272 1.32255e-09 1.16995
0.0540562 0.0300448 -4.9476e-09 1.15434
0.376788 0.134009 1.1794e-08 0.502191
0.73561 0.168868 -1.63549e-08 0.0444142
0.840133 0.135966 2.05287e-08 0.00191034
0.867641 0.110304 -2.56289e-08 0.000191167
0.883651 0.0959251 3.12202e-08 3.18777e-06
0.891421 0.0888786 -3.72407e-08 9.87656e-06
0.892709 0.0868207 4.3784e-08 -4.90279e-06
0.889906 0.0888209 -5.09633e-08 3.46428e-06
0.884323 0.0940884 5.89259e-08 -2.43337e-06
0.876416 0.102123 -6.78231e-08 1.7943e-06
0.866609 0.112157 7.78724e-08 -1.36087e-06
0.856045 0.123108 -8.93246e-08 1.05952e-06
0.846642 0.13318 1.02553e-07 -8.40828e-07
0.840997 0.140057 -1.18019e-07 6.78452e-07
0.841661 0.1413 1.36404e-07 -5.54024e-07
0.850182 0.135333 -1.58514e-07 4.57096e-07
0.866043 0.12226 1.85422e-07 -3.79935e-07
0.886525 0.104125 -2.1828e-07 3.17954e-07
0.907717 0.0842382 2.58654e-07 -2.67559e-07
0.926387 0.0659667 -3.08395e-07 2.26487e-07
0.940768 0.0518817 3.7043e-07 -1.92774e-07
0.949239 0.0436378 -4.48552e-07 1.6504e-07
0.947017 0.0429741 5.48965e-07 -1.42089e-07
0.924346 0.0538221 -6.7989e-07 1.23225e-07
0.86594 0.0881544 8.55173e-07 -1.08225e-07
0.745205 0.180336 -1.08977e-06 9.74725e-08
0.53032 0.39473 1.37219e-06 -8.97959e-08
0.279838 0.703634 -1.6453e-06 7.96689e-08
0.131486 0.887576 2.08009e-06 -6.63707e-08
0.0965247 0.900929 -2.95438e-06 5.53731e-08
0.14404 0.824285 5.56173e-06 -4.71999e-08
0.301819 0.648723 -1.15127e-06 4.08605e-08
0.597475 0.379733 0.000133795 -3.44251e-08
0.854365 0.162089 0.00149122 2.6691e-08
0.869906 0.0593957 0.0377878 -2.05503e-08
0.494197 0.0134611 0.479163 1.49419e-08
0.0703021 0.000844672 1.17172 -5.90132e-09
0.00530001 4.27646e-05 1.17489 1.53855e-09
0.00419854 0.00542695 1.32688e-09 1.16889
0.0471745 0.0395118 -4.94132e-09 1.15169
0.318619 0.193403 1.14612e-08 0.505213
0.623721 0.275471 -1.57359e-08 0.0459312
0.728217 0.243128 1.98918e-08 0.00202766
0.767348 0.20673 -2.49662e-08 0.000203378
0.791802 0.183667 3.05027e-08 4.51199e-06
0.804774 0.171629 -3.64424e-08 1.01504e-05
0.807938 0.168218 4.28659e-08 -4.95024e-06
0.803486 0.172196 -4.98657e-08 3.51875e-06
0.792954 0.182327 5.7566e-08 -2.47428e-06
0.777438 0.197578 -6.60897e-08 1.82783e-06
0.758298 0.216374 7.56248e-08 -1.38829e-06
0.737938 0.236475 -8.64043e-08 1.08181e-06
0.719917 0.254509 9.88172e-08 -8.58739e-07
0.708702 0.266387 -1.13397e-07 6.92783e-07
0.708707 0.268005 1.30959e-07 -5.65597e-07
0.723007 0.256681 -1.52496e-07 4.66618e-07
0.751857 0.232327 1.79262e-07 -3.87833e-07
0.791724 0.198162 -2.12486e-07 3.24334e-07
0.835641 0.160034 2.53596e-07 -2.72343e-07
0.875524 0.124545 -3.04095e-07 2.29678e-07
0.905112 0.0968776 3.66555e-07 -1.94625e-07
0.920592 0.080053 -4.44632e-07 1.66031e-07
0.917691 0.0763328 5.44622e-07 -1.42769e-07
0.887817 0.0908449 -6.74734e-07 1.24101e-07
0.814599 0.139078 8.47473e-07 -1.09646e-07
0.670488 0.259615 -1.06976e-06 9.91729e-08
0.445653 0.496984 1.3192e-06 -9.02665e-08
0.226472 0.770155 -1.5823e-06 7.84395e-08
0.112648 0.901389 2.05167e-06 -6.53318e-08
0.0930996 0.898373 -2.95529e-06 5.48784e-08
0.148619 0.818675 5.59666e-06 -4.69316e-08
0.31479 0.637891 -1.11231e-06 4.06712e-08
0.613134 0.367012 0.000134853 -3.41419e-08
0.859282 0.155225 0.00149274 2.63951e-08
0.869015 0.0571 0.0377974 -2.03674e-08
0.493696 0.0130115 0.479449 1.48314e-08
0.0702342 0.000818689 1.17206 -5.85895e-09
0.00529279 4.14807e-05 1.17485 1.52747e-09
0.00361166 0.00657058 1.33338e-09 1.16816
0.0382719 0.0506245 -4.94382e-09 1.14896
0.244551 0.269523 1.10489e-08 0.504969
0.465147 0.429741 -1.47285e-08 0.0466953
0.548273 0.416087 1.86322e-08 0.00210993
0.591875 0.374267 -2.35457e-08 0.000213698
0.623699 0.342916 2.89285e-08 5.74367e-06
0.642286 0.325101 -3.46785e-08 1.04299e-05
0.647414 0.320036 4.083e-08 -4.99508e-06
0.640724 0.326551 -4.7431e-08 3.56582e-06
0.62422 0.3427 5.45632e-08 -2.50313e-06
0.600305 0.366293 -6.23162e-08 1.84596e-06
0.571977 0.394268 7.08591e-08 -1.39828e-06
0.543229 0.422817 -8.04336e-08 1.08596e-06
0.518782 0.447167 9.1467e-08 -8.59118e-07
0.503688 0.462284 -1.04561e-07 6.91253e-07
0.502661 0.463442 1.2063e-07 -5.63758e-07
0.519514 0.44727 -1.40827e-07 4.65634e-07
0.556332 0.412566 1.66673e-07 -3.88353e-07
0.612062 0.361579 -1.99764e-07 3.26402e-07
0.680749 0.300757 2.41789e-07 -2.75438e-07
0.751045 0.240054 -2.9407e-07 2.32965e-07
0.809219 0.189693 3.58457e-07 -1.97413e-07
0.843787 0.157099 -4.37735e-07 1.68114e-07
0.846788 0.147195 5.37585e-07 -1.44393e-07
0.809373 0.167518 -6.65313e-07 1.25688e-07
0.71652 0.23681 8.2978e-07 -1.11329e-07
0.551869 0.388815 -1.02832e-06 1.00152e-07
0.340225 0.625814 1.24478e-06 -8.90976e-08
0.17103 0.834004 -1.51739e-06 7.60441e-08
0.0940457 0.911616 2.02797e-06 -6.36448e-08
0.090117 0.895325 -2.95977e-06 5.38507e-08
0.154637 0.81213 5.63997e-06 -4.61994e-08
0.330545 0.624723 -1.07042e-06 4.00706e-08
0.630971 0.35209 0.000136036 -3.34834e-08
0.864346 0.147446 0.00149437 2.58096e-08
0.868038 0.0545093 0.0378153 -1.99711e-08
0.493232 0.0124995 0.479822 1.4569e-08
0.0701679 0.000788851 1.17243 -5.75402e-09
0.005285 4.00033e-05 1.17477 1.50007e-09
0.00291322 0.00764237 1.34155e-09 1.16786
0.0289206 0.0612943 -4.95756e-09 1.14671
0.171374 0.346186 1.06471e-08 0.500856
0.304498 0.594947 -1.35683e-08 0.0461284
0.35119 0.617577 1.69606e-08 0.0020972
0.383306 0.586044 -2.14414e-08 0.000214601
0.411247 0.556881 2.64162e-08 6.12794e-06
0.429102 0.538586 -3.17395e-08 1.04895e-05
0.43416 0.5332 3.73904e-08 -4.9787e-06
0.427095 0.540403 -4.3375e-08 3.55389e-06
0.410111 0.557827 4.97502e-08 -2.48443e-06
0.386493 0.582258 -5.66085e-08 1.82355e-06
0.359954 0.609702 6.41361e-08 -1.37406e-06
0.334469 0.636062 -7.25959e-08 1.06176e-06
0.313813 0.657173 8.24075e-08 -8.36458e-07
0.301436 0.669307 -9.41226e-08 6.71123e-07
0.300424 0.669078 1.08556e-07 -5.4677e-07
0.313723 0.653599 -1.26772e-07 4.52099e-07
0.344241 0.620458 1.50314e-07 -3.78494e-07
0.394251 0.568726 -1.81089e-07 3.20338e-07
0.463367 0.500797 2.21454e-07 -2.73013e-07
0.544986 0.424727 -2.73467e-07 2.33488e-07
0.624145 0.353874 3.38967e-07 -1.99716e-07
0.680662 0.302992 -4.1949e-07 1.71038e-07
0.696391 0.284483 5.18557e-07 -1.47235e-07
0.658042 0.310677 -6.40532e-07 1.2813e-07
0.556912 0.398667 7.89474e-07 -1.12881e-07
0.400111 0.559651 -9.61093e-07 9.98005e-08
0.235129 0.7519 1.16385e-06 -8.66422e-08
0.122978 0.881439 -1.46436e-06 7.34233e-08
0.0782499 0.917327 2.01335e-06 -6.19886e-08
0.0881364 0.8925 -2.96761e-06 5.27731e-08
0.161715 0.805286 5.68775e-06 -4.53913e-08
0.347661 0.610348 -1.03099e-06 3.93854e-08
0.648966 0.336499 0.000137205 -3.27403e-08
0.868905 0.139604 0.00149594 2.51729e-08
0.867122 0.0519075 0.0378415 -1.9539e-08
0.49289 0.0119794 0.480252 1.42792e-08
0.0701138 0.000758337 1.17279 -5.63719e-09
0.00527763 3.84803e-05 1.17465 1.46958e-09
0.00221562 0.00848571 1.34963e-09 1.16793
0.0206682 0.0696091 -4.97786e-09 1.1461
0.113252 0.406279 1.03501e-08 0.496285
0.184295 0.721869 -1.26469e-08 0.0449052
0.20213 0.775865 1.55453e-08 0.00201795
0.217795 0.762281 -1.95107e-08 0.000207018
0.234234 0.745462 2.3944e-08 5.55066e-06
0.245572 0.73382 -2.87166e-08 1.02889e-05
0.248742 0.730198 3.3806e-08 -4.90313e-06
0.243791 0.735154 -3.92216e-08 3.48843e-06
0.232302 0.746956 4.50285e-08 -2.43202e-06
0.216841 0.762998 -5.13367e-08 1.77981e-06
0.200067 0.780263 5.83379e-08 -1.33767e-06
0.184505 0.796131 -6.6275e-08 1.03169e-06
0.172253 0.808263 7.54996e-08 -8.11809e-07
0.165094 0.814778 -8.64426e-08 6.5092e-07
0.164619 0.813832 9.97346e-08 -5.30107e-07
0.172528 0.803535 -1.16203e-07 4.38242e-07
0.190912 0.781618 1.37122e-07 -3.67038e-07
0.222294 0.74582 -1.64216e-07 3.11262e-07
0.268886 0.694953 1.99952e-07 -2.66621e-07
0.329982 0.631633 -2.47064e-07 2.30077e-07
0.397718 0.565092 3.08323e-07 -1.99115e-07
0.454422 0.511457 -3.85343e-07 1.72398e-07
0.47745 0.489493 4.7974e-07 -1.49355e-07
0.449419 0.515733 -5.92606e-07 1.2987e-07
0.368283 0.598856 7.26354e-07 -1.13259e-07
0.255308 0.724745 -8.85219e-07 9.83742e-08
0.151516 0.843698 1.09788e-06 -8.43763e-08
0.0871287 0.908916 -1.43053e-06 7.17967e-08
0.0663593 0.920175 2.00772e-06 -6.11541e-08
0.0872931 0.890551 -2.97712e-06 5.22724e-08
0.169165 0.798771 5.73495e-06 -4.50394e-08
0.364411 0.596161 -9.97856e-07 3.90759e-08
0.66528 0.321821 0.000138244 -3.23139e-08
0.87258 0.132466 0.00149736 2.48006e-08
0.866383 0.0495446 0.0378732 -1.9309e-08
0.492705 0.0115012 0.480692 1.41321e-08
0.0700768 0.000730118 1.17309 -5.57792e-09
0.0052714 3.70594e-05 1.1745 1.45411e-09
0.00161932 0.00904043 1.3559e-09 1.1682
0.0143492 0.0748594 -4.99729e-09 1.14768
0.0737489 0.444076 1.01882e-08 0.494872
0.110781 0.796201 -1.212e-08 0.0440576
0.114628 0.864415 1.47318e-08 0.00194739
0.120022 0.861958 -1.83559e-08 0.000199114
0.127501 0.855597 2.2393e-08 4.66353e-06
0.133036 0.850766 -2.6756e-08 1.00815e-05
0.134489 0.84919 3.1458e-08 -4.85921e-06
0.13175 0.851705 -3.65375e-08 3.44503e-06
0.125623 0.857552 4.20754e-08 -2.40245e-06
0.11751 0.865457 -4.81866e-08 1.75873e-06
0.108803 0.87386 5.50468e-08 -1.32297e-06
0.100795 0.881576 -6.28624e-08 1.02154e-06
0.0945381 0.887503 7.19206e-08 -8.04742e-07
0.0909351 0.890757 -8.256e-08 6.45752e-07
0.0908131 0.890293 9.52774e-08 -5.25924e-07
0.0950555 0.884962 -1.10709e-07 4.34393e-07
0.104774 0.873249 1.29848e-07 -3.63132e-07
0.121391 0.853511 -1.54035e-07 3.07194e-07
0.14652 0.824341 1.8532e-07 -2.62609e-07
0.180838 0.786108 -2.26222e-07 2.26636e-07
0.221552 0.743219 2.79822e-07 -1.96813e-07
0.259036 0.706265 -3.48506e-07 1.71422e-07
0.277551 0.690467 4.34257e-07 -1.49254e-07
0.263271 0.709164 -5.38202e-07 1.29808e-07
0.21595 0.763494 6.65132e-07 -1.126e-07
0.152371 0.834908 -8.26992e-07 9.72444e-08
0.0964839 0.893328 1.05772e-06 -8.35657e-08
0.0633745 0.922135 -1.41426e-06 7.17002e-08
0.0583099 0.922243 2.00786e-06 -6.14419e-08
0.0873334 0.889685 -2.9861e-06 5.26172e-08
0.176058 0.793181 5.77618e-06 -4.53826e-08
0.378975 0.583697 -9.72972e-07 3.93552e-08
0.678492 0.309488 0.000139071 -3.23966e-08
0.875248 0.12664 0.00149854 2.48391e-08
0.865873 0.0476164 0.0379053 -1.93901e-08
0.492652 0.0111069 0.481085 1.42059e-08
0.0700563 0.000706698 1.17333 -5.60837e-09
0.0052667 3.58733e-05 1.17435 1.46206e-09
0.00119186 0.00934139 1.35978e-09 1.16847
0.0101729 0.0775341 -5.01111e-09 1.15049
0.0500557 0.463944 1.01273e-08 0.4967
0.0709253 0.833068 -1.18942e-08 0.0438725
0.0698017 0.904894 1.43923e-08 0.00191692
0.0708389 0.905953 -1.78696e-08 0.000195315
0.0739239 0.904082 2.17189e-08 3.99998e-06
0.0764243 0.902522 -2.58823e-08 1.003e-05
0.0769742 0.902015 3.04026e-08 -4.88702e-06
0.0754557 0.903407 -3.53413e-08 3.45698e-06
0.0722294 0.906462 4.07893e-08 -2.41443e-06
0.0679928 0.910662 -4.68601e-08 1.77008e-06
0.0634377 0.915209 5.37152e-08 -1.3338e-06
0.0592281 0.91958 -6.15366e-08 1.03162e-06
0.0559299 0.923177 7.05764e-08 -8.13782e-07
0.0540511 0.925516 -8.11265e-08 6.53561e-07
0.0540726 0.925891 9.3617e-08 -5.32355e-07
0.0564755 0.923526 -1.08584e-07 4.39385e-07
0.0618297 0.917384 1.26856e-07 -3.66656e-07
0.0708053 0.906452 -1.49512e-07 3.09277e-07
0.0841849 0.889956 1.78211e-07 -2.6337e-07
0.102363 0.868285 -2.15025e-07 2.26361e-07
0.124218 0.844034 2.62779e-07 -1.95971e-07
0.145123 0.823202 -3.24226e-07 1.70516e-07
0.156735 0.814357 4.02517e-07 -1.48562e-07
0.150971 0.82448 -5.00793e-07 1.29319e-07
0.127307 0.852283 6.26813e-07 -1.12286e-07
0.0945452 0.886652 -7.95504e-07 9.72935e-08
0.065408 0.914226 1.03945e-06 -8.41603e-08
0.0493822 0.928273 -1.40889e-06 7.26713e-08
0.0534947 0.924295 2.01002e-06 -6.24503e-08
0.087781 0.889599 -2.99278e-06 5.35068e-08
0.181385 0.789066 5.80664e-06 -4.61734e-08
0.389713 0.574415 -9.56762e-07 4.00188e-08
0.687685 0.300633 0.000139638 -3.28332e-08
0.876946 0.122548 0.0014994 2.51635e-08
0.865579 0.0462609 0.0379314 -1.96811e-08
0.492674 0.0108274 0.48138 1.44272e-08
0.0700477 0.000690007 1.17348 -5.6988e-09
0.00526362 3.5025e-05 1.17422 1.48567e-09
0.00097034 0.00946417 1.36155e-09 1.16862
0.00810734 0.0785542 -5.01799e-09 1.15263
0.0389853 0.472109 1.01143e-08 0.498936
0.0534722 0.848133 -1.18243e-08 0.0439822
0.0509816 0.920453 1.42913e-08 0.00191202
0.0505895 0.92206 -1.77264e-08 0.000194508
0.0520576 0.921387 2.15153e-08 3.68485e-06
0.0534024 0.920774 -2.56121e-08 1.00639e-05
0.0536085 0.920586 3.00731e-08 -4.93304e-06
0.0525628 0.921665 -3.49699e-08 3.48625e-06
0.0504576 0.923934 4.03975e-08 -2.43742e-06
0.0477143 0.927102 -4.6468e-08 1.78865e-06
0.0447561 0.930595 5.33366e-08 -1.34916e-06
0.0420066 0.934082 -6.11756e-08 1.04447e-06
0.0398465 0.937125 7.02239e-08 -8.24505e-07
0.0386288 0.939381 -8.07561e-08 6.62462e-07
0.0386973 0.940279 9.31776e-08 -5.39652e-07
0.0403752 0.93919 -1.07987e-07 4.45263e-07
0.0440258 0.935233 1.25948e-07 -3.71246e-07
0.0500271 0.927603 -1.48032e-07 3.12677e-07
0.0588111 0.915783 1.75714e-07 -2.65661e-07
0.0705534 0.900331 -2.10821e-07 2.27664e-07
0.0845847 0.883414 2.55964e-07 -1.96498e-07
0.0981603 0.869237 -3.13978e-07 1.70576e-07
0.106263 0.863022 3.88697e-07 -1.48475e-07
0.103749 0.86845 -4.8462e-07 1.29316e-07
0.0899394 0.884134 6.11079e-07 -1.12521e-07
0.069852 0.903961 -7.83706e-07 9.78547e-08
0.0516959 0.921193 1.03358e-06 -8.50038e-08
0.0429623 0.93098 -1.40796e-06 7.36104e-08
0.0512765 0.92573 2.01165e-06 -6.33108e-08
0.0881532 0.889754 -2.99628e-06 5.42427e-08
0.184293 0.786879 5.82281e-06 -4.6818e-08
0.395403 0.569461 -9.48884e-07 4.05628e-08
0.692375 0.296017 0.000139926 -3.32215e-08
0.877758 0.120443 0.00149986 2.54583e-08
0.86545 0.0455632 0.0379461 -1.99317e-08
0.492705 0.0106828 0.481539 1.46142e-08
0.0700452 0.00068134 1.17355 -5.77523e-09
0.00526212 3.45837e-05 1.17415 1.50562e-09
0.00097035 0.00946417 1.36156e-09 1.16862
0.00810743 0.0785541 -5.01805e-09 1.15263
0.0389858 0.472108 1.01144e-08 0.498936
0.0534731 0.848132 -1.18244e-08 0.0439821
0.0509825 0.920451 1.42915e-08 0.00191202
0.0505905 0.922059 -1.77266e-08 0.000194508
0.0520588 0.921386 2.15155e-08 3.68486e-06
0.0534037 0.920773 -2.56124e-08 1.00639e-05
0.0536097 0.920585 3.00735e-08 -4.93304e-06
0.0525639 0.921665 -3.49703e-08 3.48625e-06
0.0504584 0.923934 4.03979e-08 -2.43742e-06
0.0477147 0.927104 -4.64685e-08 1.78864e-06
0.0447562 0.930597 5.33371e-08 -1.34916e-06
0.0420063 0.934085 -6.11762e-08 1.04447e-06
0.0398461 0.937128 7.02246e-08 -8.24504e-07
0.0386282 0.939385 -8.07568e-08 6.62461e-07
0.0386967 0.940284 9.31785e-08 -5.39652e-07
0.0403748 0.939194 -1.07988e-07 4.45263e-07
0.0440259 0.935237 1.25949e-07 -3.71246e-07
0.0500279 0.927603 -1.48033e-07 3.12677e-07
0.058813 0.915775 1.75717e-07 -2.65661e-07
0.0705566 0.90031 -2.10825e-07 2.27663e-07
0.0845892 0.883378 2.55969e-07 -1.96497e-07
0.0981661 0.869187 -3.13986e-07 1.70575e-07
0.106269 0.862964 3.88706e-07 -1.48473e-07
0.103756 0.868391 -4.84631e-07 1.29314e-07
0.0899448 0.884081 6.11093e-07 -1.1252e-07
0.0698561 0.903922 -7.83723e-07 9.78541e-08
0.0516986 0.921172 1.0336e-06 -8.50036e-08
0.0429638 0.930974 -1.40798e-06 7.36104e-08
0.051277 0.925731 2.01167e-06 -6.33109e-08
0.0881531 0.889757 -2.9963e-06 5.42427e-08
0.184293 0.786884 5.82284e-06 -4.6818e-08
0.395402 0.569464 -9.48952e-07 4.05628e-08
0.692367 0.296018 0.000139926 -3.32214e-08
0.877747 0.120443 0.00149986 2.54583e-08
0.865445 0.0455634 0.0379462 -1.99317e-08
0.492705 0.0106829 0.48154 1.46142e-08
0.0700452 0.000681343 1.17355 -5.77522e-09
0.00526212 3.45838e-05 1.17415 1.50562e-09
0.00119189 0.00934138 1.35982e-09 1.16847
0.0101732 0.077534 -5.01127e-09 1.15049
0.0500572 0.463943 1.01276e-08 0.4967
0.0709279 0.833065 -1.18946e-08 0.0438725
0.0698048 0.90489 1.43928e-08 0.00191692
0.0708425 0.905949 -1.78702e-08 0.000195315
0.0739281 0.904078 2.17197e-08 4.00002e-06
0.0764288 0.902519 -2.58832e-08 1.003e-05
0.0769786 0.902013 3.04037e-08 -4.88701e-06
0.0754595 0.903407 -3.53425e-08 3.45698e-06
0.0722323 0.906463 4.07907e-08 -2.41442e-06
0.0679946 0.910665 -4.68617e-08 1.77007e-06
0.0634382 0.915215 5.37169e-08 -1.33379e-06
0.0592274 0.919587 -6.15385e-08 1.03162e-06
0.0559283 0.923186 7.05784e-08 -8.1378e-07
0.0540489 0.925527 -8.11288e-08 6.53559e-07
0.0540704 0.925902 9.36196e-08 -5.32354e-07
0.0564738 0.923536 -1.08587e-07 4.39384e-07
0.0618293 0.917389 1.2686e-07 -3.66656e-07
0.070807 0.906443 -1.49518e-07 3.09276e-07
0.0841897 0.889924 1.78219e-07 -2.63368e-07
0.102372 0.86822 -2.15035e-07 2.26358e-07
0.124231 0.843931 2.62793e-07 -1.95967e-07
0.145141 0.82307 -3.24244e-07 1.70511e-07
0.156756 0.814208 4.02539e-07 -1.48557e-07
0.150991 0.824329 -5.00819e-07 1.29314e-07
0.127323 0.852142 6.26847e-07 -1.12282e-07
0.0945571 0.88654 -7.95548e-07 9.72913e-08
0.0654156 0.914157 1.03951e-06 -8.41595e-08
0.0493862 0.928246 -1.40895e-06 7.26712e-08
0.0534962 0.924293 2.01008e-06 -6.24504e-08
0.0877808 0.889608 -2.99285e-06 5.35068e-08
0.181385 0.789081 5.80675e-06 -4.61735e-08
0.38971 0.574424 -9.56959e-07 4.00189e-08
0.687665 0.300633 0.000139639 -3.28329e-08
0.876914 0.122548 0.00149941 2.51632e-08
0.865565 0.0462615 0.0379317 -1.96811e-08
0.492673 0.0108276 0.481384 1.44272e-08
0.0700476 0.000690015 1.17348 -5.69878e-09
0.00526362 3.50255e-05 1.17422 1.48566e-09
0.00161936 0.0090404 1.35597e-09 1.1682
0.0143497 0.0748591 -4.99756e-09 1.14768
0.0737516 0.444073 1.01888e-08 0.494871
0.110786 0.796194 -1.21207e-08 0.0440575
0.114634 0.864407 1.47326e-08 0.00194739
0.120029 0.861949 -1.8357e-08 0.000199114
0.12751 0.855587 2.23943e-08 4.66359e-06
0.133046 0.850757 -2.67576e-08 1.00815e-05
0.134499 0.849182 3.146e-08 -4.85921e-06
0.131759 0.851701 -3.65397e-08 3.44503e-06
0.12563 0.857552 4.20778e-08 -2.40245e-06
0.117514 0.865461 -4.81893e-08 1.75873e-06
0.108804 0.873868 5.50497e-08 -1.32297e-06
0.100794 0.881589 -6.28656e-08 1.02154e-06
0.0945348 0.887518 7.19241e-08 -8.0474e-07
0.0909303 0.890773 -8.25638e-08 6.4575e-07
0.0908077 0.890308 9.52817e-08 -5.25921e-07
0.0950505 0.884971 -1.10714e-07 4.34391e-07
0.10477 0.873246 1.29854e-07 -3.6313e-07
0.121391 0.853484 -1.54044e-07 3.07191e-07
0.146525 0.82428 1.85331e-07 -2.62604e-07
0.180852 0.786009 -2.26237e-07 2.2663e-07
0.221577 0.743086 2.79841e-07 -1.96807e-07
0.259076 0.706113 -3.48529e-07 1.71415e-07
0.277602 0.69031 4.34285e-07 -1.49248e-07
0.26332 0.709008 -5.38235e-07 1.29803e-07
0.215985 0.763337 6.65172e-07 -1.12596e-07
0.152391 0.834757 -8.27046e-07 9.72405e-08
0.0964945 0.893212 1.05779e-06 -8.35635e-08
0.0633798 0.922075 -1.41436e-06 7.16996e-08
0.0583117 0.922228 2.00797e-06 -6.14419e-08
0.0873331 0.889696 -2.98622e-06 5.26173e-08
0.176058 0.793204 5.77637e-06 -4.53828e-08
0.378972 0.583713 -9.73286e-07 3.93554e-08
0.678461 0.309489 0.000139072 -3.23963e-08
0.875198 0.12664 0.00149855 2.48388e-08
0.86585 0.0476174 0.0379059 -1.93901e-08
0.49265 0.0111072 0.481091 1.42059e-08
0.0700561 0.000706711 1.17333 -5.60834e-09
0.00526669 3.5874e-05 1.17435 1.46205e-09
0.00221567 0.00848566 1.34972e-09 1.16793
0.0206688 0.0696086 -4.97822e-09 1.1461
0.113256 0.406275 1.03509e-08 0.496285
0.184303 0.721857 -1.26479e-08 0.0449051
0.202141 0.77585 1.55465e-08 0.00201795
0.217809 0.762264 -1.95122e-08 0.000207018
0.23425 0.745442 2.3946e-08 5.55073e-06
0.24559 0.7338 -2.8719e-08 1.02889e-05
0.24876 0.730179 3.38088e-08 -4.90313e-06
0.243807 0.73514 -3.92249e-08 3.48844e-06
0.232315 0.746947 4.50322e-08 -2.43203e-06
0.216849 0.762998 -5.13407e-08 1.77981e-06
0.200071 0.78027 5.83422e-08 -1.33768e-06
0.184503 0.796145 -6.62796e-08 1.03169e-06
0.172246 0.808282 7.55045e-08 -8.11807e-07
0.165084 0.814798 -8.64479e-08 6.50917e-07
0.164607 0.813849 9.97405e-08 -5.30103e-07
0.172515 0.803542 -1.1621e-07 4.38237e-07
0.190902 0.781609 1.37131e-07 -3.67033e-07
0.222288 0.745787 -1.64226e-07 3.11256e-07
0.268891 0.694892 1.99966e-07 -2.66614e-07
0.330008 0.631549 -2.47082e-07 2.30071e-07
0.397779 0.564996 3.08346e-07 -1.99111e-07
0.454526 0.511363 -3.85374e-07 1.72397e-07
0.477586 0.489407 4.79779e-07 -1.49356e-07
0.449551 0.515655 -5.92652e-07 1.2987e-07
0.368373 0.598771 7.26403e-07 -1.13258e-07
0.255348 0.724633 -8.85272e-07 9.8371e-08
0.151528 0.843569 1.09796e-06 -8.4373e-08
0.087133 0.908822 -1.43065e-06 7.17952e-08
0.0663606 0.920139 2.00787e-06 -6.11538e-08
0.0872925 0.890556 -2.97729e-06 5.22724e-08
0.169165 0.798799 5.7352e-06 -4.50397e-08
0.36441 0.596183 -9.98266e-07 3.90762e-08
0.665245 0.321823 0.000138245 -3.23135e-08
0.872514 0.132466 0.00149736 2.48002e-08
0.86635 0.0495459 0.0378739 -1.93089e-08
0.492701 0.0115016 0.480699 1.41321e-08
0.0700765 0.000730134 1.1731 -5.5779e-09
0.00527138 3.70603e-05 1.1745 1.45411e-09
0.00291328 0.00764231 1.34166e-09 1.16786
0.0289213 0.0612936 -4.95798e-09 1.14671
0.171379 0.34618 1.0648e-08 0.500856
0.304511 0.594933 -1.35695e-08 0.0461284
0.351207 0.617557 1.69622e-08 0.0020972
0.383328 0.58602 -2.14435e-08 0.000214601
0.411272 0.556854 2.64188e-08 6.12796e-06
0.429129 0.538558 -3.17427e-08 1.04895e-05
0.434186 0.533172 3.73941e-08 -4.9787e-06
0.427118 0.540378 -4.33793e-08 3.55389e-06
0.410128 0.557808 4.97551e-08 -2.48443e-06
0.386504 0.582248 -5.66138e-08 1.82355e-06
0.359957 0.609703 6.41419e-08 -1.37406e-06
0.334464 0.636073 -7.2602e-08 1.06176e-06
0.313801 0.657193 8.2414e-08 -8.36456e-07
0.301418 0.669331 -9.41295e-08 6.71121e-07
0.300402 0.669101 1.08564e-07 -5.46766e-07
0.3137 0.653615 -1.26781e-07 4.52095e-07
0.344222 0.620461 1.50324e-07 -3.78489e-07
0.394244 0.568713 -1.81102e-07 3.20333e-07
0.463388 0.500769 2.21471e-07 -2.7301e-07
0.545056 0.42469 -2.73491e-07 2.33488e-07
0.624283 0.353832 3.39e-07 -1.99719e-07
0.68087 0.302951 -4.19536e-07 1.71043e-07
0.696646 0.284449 5.18615e-07 -1.47241e-07
0.658297 0.310652 -6.40602e-07 1.28136e-07
0.557104 0.398652 7.89549e-07 -1.12885e-07
0.4002 0.559621 -9.6116e-07 9.98014e-08
0.235147 0.751817 1.16392e-06 -8.66394e-08
0.122978 0.881336 -1.46448e-06 7.34209e-08
0.078249 0.91727 2.01352e-06 -6.19879e-08
0.0881351 0.892497 -2.96782e-06 5.27731e-08
0.161715 0.805316 5.68806e-06 -4.53917e-08
0.347662 0.610375 -1.03147e-06 3.9386e-08
0.648932 0.336502 0.000137207 -3.27399e-08
0.868829 0.139604 0.00149594 2.51725e-08
0.86708 0.0519089 0.0378423 -1.95389e-08
0.492884 0.0119797 0.480261 1.42793e-08
0.0701132 0.000758354 1.17279 -5.63717e-09
0.00527759 3.84812e-05 1.17465 1.46957e-09
0.00361171 0.00657051 1.33351e-09 1.16816
0.0382726 0.0506237 -4.94429e-09 1.14896
0.244558 0.269517 1.105e-08 0.504968
0.465162 0.429727 -1.473e-08 0.0466953
0.548294 0.416068 1.86341e-08 0.00210992
0.591899 0.374245 -2.35481e-08 0.000213697
0.623724 0.342892 2.89315e-08 5.74361e-06
0.64231 0.325077 -3.46821e-08 1.04298e-05
0.647435 0.320012 4.08342e-08 -4.99505e-06
0.640741 0.326529 -4.74359e-08 3.5658e-06
0.624231 0.342681 5.45688e-08 -2.50312e-06
0.600309 0.36628 -6.23225e-08 1.84596e-06
0.571973 0.394265 7.0866e-08 -1.39828e-06
0.543217 0.422823 -8.0441e-08 1.08595e-06
0.518762 0.447184 9.1475e-08 -8.59118e-07
0.503662 0.462308 -1.0457e-07 6.91252e-07
0.502632 0.46347 1.2064e-07 -5.63758e-07
0.519489 0.447296 -1.40838e-07 4.65634e-07
0.55632 0.412585 1.66686e-07 -3.88353e-07
0.612078 0.361588 -1.99781e-07 3.26404e-07
0.680811 0.300755 2.41812e-07 -2.75442e-07
0.751166 0.240042 -2.94102e-07 2.32971e-07
0.809403 0.189673 3.58497e-07 -1.97418e-07
0.844021 0.157076 -4.37785e-07 1.68119e-07
0.847055 0.147173 5.37646e-07 -1.44398e-07
0.809655 0.167503 -6.65388e-07 1.25693e-07
0.716772 0.23681 8.29873e-07 -1.11335e-07
0.552018 0.388832 -1.02841e-06 1.00156e-07
0.340259 0.625802 1.24486e-06 -8.90974e-08
0.171025 0.833928 -1.51749e-06 7.60415e-08
0.0940408 0.911551 2.02814e-06 -6.36437e-08
0.0901144 0.895314 -2.96e-06 5.38507e-08
0.154638 0.81216 5.64032e-06 -4.61998e-08
0.330549 0.624754 -1.07093e-06 4.00713e-08
0.630941 0.352094 0.000136039 -3.34832e-08
0.864265 0.147446 0.00149437 2.58091e-08
0.867988 0.0545107 0.0378161 -1.99711e-08
0.493223 0.0124999 0.479832 1.45691e-08
0.0701671 0.000788869 1.17243 -5.75401e-09
0.00528494 4.00042e-05 1.17477 1.50007e-09
0.00419857 0.00542688 1.32701e-09 1.16889
0.0471751 0.0395112 -4.94181e-09 1.15169
0.318625 0.193399 1.14623e-08 0.505213
0.623735 0.275461 -1.57375e-08 0.0459312
0.728235 0.243115 1.98939e-08 0.00202766
0.767365 0.206716 -2.49688e-08 0.000203378
0.791818 0.183653 3.05058e-08 4.5119e-06
0.804787 0.171614 -3.64461e-08 1.01504e-05
0.807946 0.168204 4.28703e-08 -4.95021e-06
0.803489 0.172183 -4.98707e-08 3.51873e-06
0.792952 0.182316 5.75717e-08 -2.47427e-06
0.77743 0.19757 -6.60962e-08 1.82782e-06
0.758283 0.216371 7.56321e-08 -1.38828e-06
0.737917 0.236479 -8.64124e-08 1.08181e-06
0.719892 0.25452 9.88263e-08 -8.5874e-07
0.708675 0.266405 -1.13407e-07 6.92785e-07
0.708683 0.268027 1.3097e-07 -5.656e-07
0.722994 0.256703 -1.5251e-07 4.66622e-07
0.751865 0.232345 1.79278e-07 -3.87838e-07
0.791763 0.198172 -2.12507e-07 3.24339e-07
0.835716 0.160035 2.53623e-07 -2.72348e-07
0.875633 0.124538 -3.04127e-07 2.29683e-07
0.905244 0.0968652 3.66593e-07 -1.94627e-07
0.920737 0.0800381 -4.44676e-07 1.66033e-07
0.91785 0.0763178 5.44672e-07 -1.42769e-07
0.888001 0.0908327 -6.74796e-07 1.24102e-07
0.814803 0.139076 8.47557e-07 -1.09649e-07
0.670648 0.25964 -1.06987e-06 9.91779e-08
0.445699 0.49702 1.31929e-06 -9.02689e-08
0.226459 0.770129 -1.58239e-06 7.84376e-08
0.112637 0.901334 2.05183e-06 -6.53304e-08
0.093095 0.898359 -2.95552e-06 5.48782e-08
0.148619 0.818703 5.59702e-06 -4.69321e-08
0.314797 0.637923 -1.11282e-06 4.06721e-08
0.613112 0.367017 0.000134856 -3.41418e-08
0.859202 0.155224 0.00149275 2.63946e-08
0.868961 0.0571011 0.0377982 -2.03674e-08
0.493685 0.0130118 0.479459 1.48315e-08
0.0702331 0.000818704 1.17206 -5.85894e-09
0.00529272 4.14815e-05 1.17485 1.52747e-09
0.00459699 0.00440268 1.32268e-09 1.16995
0.0540566 0.0300444 -4.94807e-09 1.15434
0.376792 0.134006 1.17952e-08 0.502192
0.73562 0.168862 -1.63565e-08 0.0444142
0.840144 0.135959 2.05307e-08 0.00191034
0.867651 0.110297 -2.56314e-08 0.000191166
0.883658 0.0959183 3.12232e-08 3.18769e-06
0.891425 0.0888718 -3.72443e-08 9.87653e-06
0.89271 0.0868141 4.37882e-08 -4.90278e-06
0.889903 0.0888148 -5.09682e-08 3.46428e-06
0.884315 0.0940833 5.89316e-08 -2.43337e-06
0.876403 0.10212 -6.78295e-08 1.7943e-06
0.866591 0.112156 7.78797e-08 -1.36087e-06
0.856022 0.123111 -8.93328e-08 1.05952e-06
0.846617 0.133187 1.02562e-07 -8.40829e-07
0.840974 0.140067 -1.1803e-07 6.78455e-07
0.841644 0.141312 1.36416e-07 -5.54027e-07
0.850176 0.135346 -1.58529e-07 4.571e-07
0.866053 0.12227 1.85439e-07 -3.79939e-07
0.886552 0.10413 -2.183e-07 3.17958e-07
0.907758 0.0842379 2.58678e-07 -2.67561e-07
0.926432 0.0659622 -3.08424e-07 2.26488e-07
0.940811 0.0518746 3.70462e-07 -1.92773e-07
0.949277 0.0436296 -4.48588e-07 1.65039e-07
0.94706 0.0429659 5.49007e-07 -1.42088e-07
0.924413 0.0538154 -6.79942e-07 1.23224e-07
0.866047 0.0881544 8.55243e-07 -1.08226e-07
0.745317 0.180358 -1.08986e-06 9.74759e-08
0.530357 0.394785 1.37229e-06 -8.97992e-08
0.279816 0.703658 -1.64538e-06 7.96681e-08
0.131469 0.887548 2.08023e-06 -6.63695e-08
0.0965178 0.900918 -2.9546e-06 5.53729e-08
0.14404 0.824311 5.56207e-06 -4.72004e-08
0.301828 0.648754 -1.15176e-06 4.08614e-08
0.597461 0.379738 0.000133798 -3.44252e-08
0.854291 0.162087 0.00149122 2.66905e-08
0.86985 0.0593964 0.0377886 -2.05503e-08
0.494185 0.0134613 0.479173 1.49421e-08
0.0703009 0.000844682 1.17173 -5.90133e-09
0.00529992 4.27651e-05 1.17489 1.53855e-09
0.00480465 0.00365118 1.32008e-09 1.17102
0.0582507 0.0234866 -4.95654e-09 1.15669
0.412122 0.0967019 1.20146e-08 0.49891
0.794414 0.110047 -1.66588e-08 0.043112
0.891506 0.0821404 2.07983e-08 0.00182127
0.911388 0.0641231 -2.59255e-08 0.000182738
0.923682 0.0547739 3.15687e-08 2.27505e-06
0.92938 0.0503728 -3.7648e-08 9.71331e-06
0.929881 0.0490142 4.42605e-08 -4.87791e-06
0.927802 0.0500115 -5.1527e-08 3.43059e-06
0.92435 0.0527977 5.95998e-08 -2.40567e-06
0.919704 0.0570691 -6.86372e-08 1.76942e-06
0.913935 0.0623877 7.8868e-08 -1.33852e-06
0.907722 0.0682038 -9.05555e-08 1.03957e-06
0.902206 0.0735897 1.04076e-07 -8.23339e-07
0.898872 0.0773503 -1.19872e-07 6.63508e-07
0.899019 0.0782002 1.38575e-07 -5.41639e-07
0.903328 0.0752861 -1.60923e-07 4.47199e-07
0.911352 0.0686233 1.87948e-07 -3.72398e-07
0.921699 0.0592119 -2.20833e-07 3.12589e-07
0.932696 0.0487181 2.61247e-07 -2.64081e-07
0.943357 0.038878 -3.11158e-07 2.24478e-07
0.953279 0.0312088 3.73518e-07 -1.91735e-07
0.961064 0.0269251 -4.52055e-07 1.6449e-07
0.961209 0.0276123 5.52877e-07 -1.41645e-07
0.943047 0.0365543 -6.84129e-07 1.22581e-07
0.892199 0.0634885 8.59839e-07 -1.07108e-07
0.786179 0.138001 -1.09878e-06 9.58401e-08
0.585512 0.32931 1.40277e-06 -8.8566e-08
0.321018 0.650497 -1.69338e-06 7.98346e-08
0.146965 0.874063 2.10575e-06 -6.67197e-08
0.0995393 0.902593 -2.95588e-06 5.53851e-08
0.14102 0.828411 5.5379e-06 -4.70835e-08
0.292667 0.656418 -1.18192e-06 4.07212e-08
0.585846 0.388974 0.000133001 -3.43914e-08
0.850353 0.167215 0.00149001 2.67257e-08
0.870523 0.0611179 0.0377848 -2.05464e-08
0.49461 0.0137964 0.478985 1.49232e-08
0.0703569 0.000863883 1.17148 -5.89131e-09
0.0053055 4.37162e-05 1.1749 1.53595e-09
0.00487994 0.00325883 1.31882e-09 1.1717
0.0600821 0.0202114 -4.96191e-09 1.15819
0.427597 0.0793862 1.2122e-08 0.497174
0.81722 0.0851493 -1.678e-08 0.0424524
0.909515 0.0606486 2.09045e-08 0.0017787
0.92675 0.0460954 -2.60597e-08 0.000178932
0.938353 0.0388066 3.17403e-08 1.85e-06
0.94371 0.035439 -3.78563e-08 9.64811e-06
0.944088 0.0343486 4.45077e-08 -4.87035e-06
0.942307 0.0349572 -5.18191e-08 3.41728e-06
0.939508 0.0367906 5.99421e-08 -2.39403e-06
0.935719 0.0396144 -6.90344e-08 1.75837e-06
0.930864 0.0431103 7.93257e-08 -1.32811e-06
0.925523 0.046922 -9.10824e-08 1.02987e-06
0.920657 0.0504544 1.04685e-07 -8.14516e-07
0.91746 0.0529585 -1.20577e-07 6.55768e-07
0.916876 0.053622 1.39388e-07 -5.3516e-07
0.919373 0.0518884 -1.61852e-07 4.42075e-07
0.924656 0.0477259 1.89005e-07 -3.68622e-07
0.931886 0.0416991 -2.22047e-07 3.10035e-07
0.940118 0.0348255 2.62673e-07 -2.62521e-07
0.948928 0.0282277 -3.12848e-07 2.2362e-07
0.958175 0.0230341 3.75488e-07 -1.91283e-07
0.966468 0.020288 -4.54273e-07 1.64207e-07
0.968076 0.0214942 5.55293e-07 -1.41371e-07
0.951894 0.0296463 -6.86678e-07 1.22196e-07
0.90384 0.0534694 8.62383e-07 -1.06482e-07
0.804056 0.119953 -1.10238e-06 9.489e-08
0.61189 0.298393 1.41603e-06 -8.76652e-08
0.343144 0.621572 -1.71876e-06 7.96615e-08
0.155727 0.865728 2.1208e-06 -6.67573e-08
0.101314 0.903371 -2.95727e-06 5.52718e-08
0.139535 0.830573 5.52562e-06 -4.69155e-08
0.287941 0.660378 -1.19836e-06 4.05529e-08
0.579668 0.39382 0.000132572 -3.42913e-08
0.848158 0.169957 0.00148934 2.66821e-08
0.870885 0.0620412 0.0377838 -2.04974e-08
0.494855 0.0139755 0.478893 1.48792e-08
0.0703887 0.000874082 1.17134 -5.87221e-09
0.00530855 4.42228e-05 1.17491 1.53099e-09
0.00487994 0.00325885 1.3188e-09 1.1717
0.0600819 0.0202116 -4.96184e-09 1.15819
0.427596 0.0793874 1.21218e-08 0.497174
0.817217 0.0851509 -1.67798e-08 0.0424524
0.909513 0.0606501 2.09042e-08 0.0017787
0.926748 0.0460966 -2.60594e-08 0.000178933
0.938353 0.0388076 3.17399e-08 1.85002e-06
0.943711 0.0354399 -3.78557e-08 9.64811e-06
0.94409 0.0343493 4.45071e-08 -4.87035e-06
0.942309 0.0349578 -5.18183e-08 3.41728e-06
0.939512 0.0367911 5.99412e-08 -2.39403e-06
0.935723 0.0396148 -6.90334e-08 1.75837e-06
0.930869 0.0431106 7.93246e-08 -1.32811e-06
0.925528 0.0469221 -9.10811e-08 1.02987e-06
0.920662 0.0504544 1.04683e-07 -8.14516e-07
0.917463 0.0529584 -1.20576e-07 6.55768e-07
0.916877 0.0536217 1.39386e-07 -5.3516e-07
0.919372 0.0518881 -1.6185e-07 4.42075e-07
0.924655 0.0477257 1.89003e-07 -3.68622e-07
0.931886 0.0416991 -2.22045e-07 3.10035e-07
0.940121 0.0348258 2.6267e-07 -2.62521e-07
0.948935 0.0282282 -3.12844e-07 2.23621e-07
0.958186 0.0230348 3.75485e-07 -1.91284e-07
0.966481 0.020289 -4.54269e-07 1.64208e-07
0.968088 0.0214956 5.55288e-07 -1.41372e-07
0.951895 0.0296484 -6.86673e-07 1.22197e-07
0.903818 0.0534724 8.62376e-07 -1.06483e-07
0.804011 0.119956 -1.10237e-06 9.48896e-08
0.611849 0.298395 1.416e-06 -8.76642e-08
0.343131 0.621584 -1.71874e-06 7.96615e-08
0.155725 0.865751 2.12077e-06 -6.67576e-08
0.101314 0.903382 -2.95722e-06 5.52718e-08
0.139535 0.83057 5.52556e-06 -4.69154e-08
0.287942 0.660369 -1.19827e-06 4.05527e-08
0.579673 0.393815 0.000132572 -3.42912e-08
0.848172 0.169955 0.00148934 2.66822e-08
0.870895 0.0620404 0.0377837 -2.04974e-08
0.494857 0.0139753 0.478891 1.48792e-08
0.0703888 0.000874072 1.17134 -5.87221e-09
0.00530856 4.42223e-05 1.17491 1.53099e-09
0.00480463 0.00365126 1.32002e-09 1.17102
0.0582502 0.0234872 -4.95633e-09 1.15669
0.412118 0.0967056 1.20141e-08 0.49891
0.794404 0.110053 -1.6658e-08 0.0431121
0.891498 0.0821454 2.07974e-08 0.00182128
0.911383 0.0641273 -2.59243e-08 0.000182739
0.92368 0.0547775 3.15673e-08 2.27513e-06
0.929382 0.050376 -3.76464e-08 9.71332e-06
0.929885 0.049017 4.42586e-08 -4.87791e-06
0.927809 0.0500139 -5.15248e-08 3.43059e-06
0.92436 0.0527997 5.95973e-08 -2.40567e-06
0.919717 0.0570707 -6.86343e-08 1.76942e-06
0.913949 0.0623888 7.88648e-08 -1.33852e-06
0.907736 0.0682044 -9.05518e-08 1.03957e-06
0.902218 0.0735897 1.04072e-07 -8.23339e-07
0.898879 0.0773496 -1.19867e-07 6.63507e-07
0.89902 0.0781989 1.38569e-07 -5.41638e-07
0.903322 0.0752844 -1.60917e-07 4.47197e-07
0.911341 0.0686218 1.87941e-07 -3.72397e-07
0.921687 0.0592111 -2.20824e-07 3.12589e-07
0.932687 0.0487184 2.61238e-07 -2.64081e-07
0.943357 0.0388793 -3.11148e-07 2.24479e-07
0.953288 0.0312111 3.73507e-07 -1.91736e-07
0.96108 0.0269284 -4.52043e-07 1.64492e-07
0.961218 0.0276169 5.52863e-07 -1.41647e-07
0.943025 0.036561 -6.84113e-07 1.22582e-07
0.892114 0.0634977 8.59815e-07 -1.07109e-07
0.786039 0.138011 -1.09873e-06 9.58384e-08
0.5854 0.329318 1.4027e-06 -8.85633e-08
0.320982 0.650538 -1.69332e-06 7.98348e-08
0.146958 0.87413 2.10566e-06 -6.67206e-08
0.0995383 0.902623 -2.95575e-06 5.53852e-08
0.141021 0.828399 5.53775e-06 -4.70833e-08
0.292669 0.656392 -1.18165e-06 4.07208e-08
0.585863 0.38896 0.000133 -3.43912e-08
0.850395 0.16721 0.00149002 2.67259e-08
0.87055 0.0611157 0.0377845 -2.05464e-08
0.494615 0.0137959 0.478981 1.49232e-08
0.0703572 0.000863856 1.17147 -5.89131e-09
0.00530551 4.37149e-05 1.17491 1.53595e-09
0.00459695 0.0044028 1.32259e-09 1.16995
0.0540557 0.0300455 -4.94773e-09 1.15434
0.376783 0.134012 1.17943e-08 0.502192
0.735603 0.168874 -1.63553e-08 0.0444143
0.840127 0.13597 2.05292e-08 0.00191035
0.867639 0.110307 -2.56296e-08 0.000191167
0.883651 0.0959268 3.1221e-08 3.18783e-06
0.891424 0.0888794 -3.72417e-08 9.87657e-06
0.892714 0.0868209 4.37852e-08 -4.90279e-06
0.889912 0.0888208 -5.09647e-08 3.46429e-06
0.884328 0.0940886 5.89275e-08 -2.43337e-06
0.876419 0.102124 -6.78249e-08 1.79431e-06
0.866608 0.11216 7.78745e-08 -1.36087e-06
0.856038 0.123113 -8.93268e-08 1.05952e-06
0.846629 0.133187 1.02556e-07 -8.40828e-07
0.84098 0.140065 -1.18022e-07 6.78453e-07
0.841641 0.141308 1.36407e-07 -5.54024e-07
0.850163 0.13534 -1.58518e-07 4.57096e-07
0.866027 0.122264 1.85426e-07 -3.79935e-07
0.886514 0.104126 -2.18285e-07 3.17954e-07
0.907711 0.084236 2.58661e-07 -2.67559e-07
0.926383 0.0659632 -3.08404e-07 2.26487e-07
0.940765 0.0518782 3.7044e-07 -1.92773e-07
0.949232 0.0436357 -4.48565e-07 1.6504e-07
0.947 0.0429746 5.48981e-07 -1.42089e-07
0.924304 0.0538272 -6.7991e-07 1.23225e-07
0.865856 0.0881685 8.55192e-07 -1.08225e-07
0.745082 0.180369 -1.08977e-06 9.74719e-08
0.530204 0.394799 1.37218e-06 -8.97953e-08
0.279772 0.703736 -1.64528e-06 7.96692e-08
0.13146 0.887653 2.08007e-06 -6.63709e-08
0.0965165 0.900958 -2.9544e-06 5.5373e-08
0.144042 0.824289 5.56183e-06 -4.72e-08
0.301833 0.648712 -1.15133e-06 4.08606e-08
0.597491 0.379717 0.000133797 -3.4425e-08
0.85436 0.16208 0.00149123 2.66908e-08
0.869894 0.059393 0.0377881 -2.05503e-08
0.494192 0.0134606 0.479166 1.4942e-08
0.0703012 0.00084464 1.17173 -5.90132e-09
0.00529992 4.27629e-05 1.17489 1.53855e-09
0.0041985 0.00542704 1.32689e-09 1.16889
0.0471739 0.0395126 -4.94136e-09 1.15169
0.318614 0.193408 1.14612e-08 0.505213
0.623712 0.275479 -1.5736e-08 0.0459313
0.728208 0.243135 1.98919e-08 0.00202767
0.767343 0.206735 -2.49664e-08 0.000203379
0.791801 0.183671 3.05029e-08 4.51205e-06
0.804776 0.17163 -3.64426e-08 1.01504e-05
0.807943 0.168219 4.28662e-08 -4.95023e-06
0.803492 0.172196 -4.98661e-08 3.51874e-06
0.792959 0.182327 5.75664e-08 -2.47428e-06
0.777439 0.19758 -6.60901e-08 1.82783e-06
0.758294 0.216379 7.56252e-08 -1.38829e-06
0.737928 0.236483 -8.64046e-08 1.08181e-06
0.719901 0.254521 9.88174e-08 -8.58739e-07
0.708682 0.266401 -1.13397e-07 6.92782e-07
0.708686 0.268019 1.30959e-07 -5.65596e-07
0.722989 0.256692 -1.52496e-07 4.66618e-07
0.751846 0.232332 1.79263e-07 -3.87832e-07
0.79172 0.19816 -2.12487e-07 3.24332e-07
0.835641 0.160026 2.53598e-07 -2.72341e-07
0.875525 0.124535 -3.04098e-07 2.29676e-07
0.905108 0.0968675 3.66558e-07 -1.94623e-07
0.920576 0.0800454 -4.44636e-07 1.6603e-07
0.917656 0.0763292 5.44626e-07 -1.42767e-07
0.887748 0.0908471 -6.74738e-07 1.241e-07
0.81449 0.13909 8.47471e-07 -1.09644e-07
0.670359 0.259647 -1.06975e-06 9.91712e-08
0.445554 0.497054 1.31917e-06 -9.02659e-08
0.226422 0.770256 -1.58226e-06 7.84401e-08
0.112628 0.901462 2.05162e-06 -6.53319e-08
0.0930941 0.898396 -2.95526e-06 5.48782e-08
0.148623 0.818667 5.5967e-06 -4.69315e-08
0.314805 0.637868 -1.11224e-06 4.06711e-08
0.613157 0.366991 0.000134855 -3.41418e-08
0.859296 0.155216 0.00149275 2.6395e-08
0.869015 0.0570967 0.0377976 -2.03674e-08
0.493692 0.0130108 0.47945 1.48314e-08
0.0702334 0.000818649 1.17206 -5.85894e-09
0.00529271 4.14786e-05 1.17485 1.52747e-09
0.00361162 0.00657067 1.33336e-09 1.16816
0.0382714 0.0506253 -4.94375e-09 1.14896
0.244547 0.269528 1.10487e-08 0.504968
0.465137 0.429751 -1.47282e-08 0.0466953
0.548264 0.416097 1.86318e-08 0.00210993
0.591868 0.374274 -2.35453e-08 0.000213698
0.623695 0.34292 2.8928e-08 5.7437e-06
0.642286 0.325103 -3.4678e-08 1.04299e-05
0.647417 0.320037 4.08294e-08 -4.99507e-06
0.640728 0.326552 -4.74304e-08 3.56582e-06
0.624223 0.342701 5.45625e-08 -2.50313e-06
0.600304 0.366296 -6.23153e-08 1.84596e-06
0.571971 0.394275 7.0858e-08 -1.39828e-06
0.543218 0.422829 -8.04321e-08 1.08595e-06
0.518767 0.447184 9.14651e-08 -8.59118e-07
0.50367 0.462304 -1.04559e-07 6.91253e-07
0.502645 0.463463 1.20628e-07 -5.63759e-07
0.519503 0.447287 -1.40824e-07 4.65635e-07
0.55633 0.412574 1.6667e-07 -3.88353e-07
0.612071 0.361575 -1.99762e-07 3.26402e-07
0.680767 0.300743 2.41787e-07 -2.75437e-07
0.751064 0.240032 -2.94069e-07 2.32963e-07
0.809229 0.18967 3.58454e-07 -1.9741e-07
0.843776 0.157079 -4.37731e-07 1.68111e-07
0.846748 0.14718 5.37578e-07 -1.44391e-07
0.809298 0.167511 -6.65301e-07 1.25685e-07
0.716418 0.236814 8.29761e-07 -1.11327e-07
0.551771 0.388844 -1.02829e-06 1.0015e-07
0.340161 0.625888 1.24474e-06 -8.90977e-08
0.170998 0.8341 -1.51733e-06 7.60448e-08
0.0940325 0.911676 2.0279e-06 -6.36448e-08
0.0901145 0.895337 -2.95971e-06 5.38505e-08
0.154643 0.812109 5.63996e-06 -4.61991e-08
0.330562 0.624689 -1.07023e-06 4.00703e-08
0.631003 0.352067 0.000136038 -3.34833e-08
0.86438 0.147436 0.00149438 2.58096e-08
0.868049 0.0545056 0.0378153 -1.99711e-08
0.49323 0.0124987 0.479821 1.4569e-08
0.0701671 0.000788805 1.17243 -5.75401e-09
0.00528491 4.00008e-05 1.17477 1.50007e-09
0.00291318 0.00764244 1.3415e-09 1.16786
0.0289201 0.061295 -4.95739e-09 1.14671
0.17137 0.346191 1.06467e-08 0.500856
0.304491 0.594956 -1.35678e-08 0.0461283
0.351182 0.617586 1.69599e-08 0.00209719
0.3833 0.586051 -2.14406e-08 0.0002146
0.411243 0.556885 2.64152e-08 6.12792e-06
0.429101 0.538588 -3.17385e-08 1.04895e-05
0.43416 0.533199 3.73891e-08 -4.9787e-06
0.427096 0.540401 -4.33736e-08 3.55389e-06
0.410111 0.557826 4.97486e-08 -2.48442e-06
0.386491 0.58226 -5.66066e-08 1.82355e-06
0.359949 0.609708 6.41338e-08 -1.37406e-06
0.334461 0.636074 -7.25932e-08 1.06176e-06
0.313802 0.65719 8.24043e-08 -8.36457e-07
0.301425 0.669328 -9.41188e-08 6.71123e-07
0.300414 0.6691 1.08552e-07 -5.4677e-07
0.313717 0.653618 -1.26767e-07 4.521e-07
0.344244 0.620469 1.50309e-07 -3.78495e-07
0.394265 0.568725 -1.81085e-07 3.20339e-07
0.463395 0.500781 2.21451e-07 -2.73014e-07
0.545024 0.424698 -2.73464e-07 2.33488e-07
0.624183 0.353837 3.38963e-07 -1.99715e-07
0.680684 0.302955 -4.19484e-07 1.71036e-07
0.696383 0.284452 5.18546e-07 -1.47232e-07
0.658004 0.310656 -6.40515e-07 1.28127e-07
0.556858 0.398665 7.89451e-07 -1.12879e-07
0.400063 0.559685 -9.61062e-07 9.98001e-08
0.235096 0.751978 1.16381e-06 -8.66431e-08
0.122959 0.88152 -1.46429e-06 7.3424e-08
0.0782422 0.917369 2.01326e-06 -6.19886e-08
0.0881367 0.892499 -2.96752e-06 5.27729e-08
0.161723 0.805252 5.68769e-06 -4.5391e-08
0.34768 0.610306 -1.03068e-06 3.9385e-08
0.64901 0.336475 0.000137207 -3.27403e-08
0.868957 0.139594 0.00149595 2.51731e-08
0.867142 0.0519035 0.0378413 -1.95389e-08
0.492889 0.0119785 0.480249 1.42792e-08
0.0701129 0.000758286 1.17279 -5.63719e-09
0.00527753 3.84776e-05 1.17465 1.46957e-09
0.00221559 0.00848576 1.34956e-09 1.16793
0.0206679 0.0696096 -4.97762e-09 1.1461
0.11325 0.406282 1.03496e-08 0.496285
0.18429 0.721875 -1.26463e-08 0.0449051
0.202125 0.77587 1.55445e-08 0.00201794
0.217791 0.762285 -1.95096e-08 0.000207017
0.234231 0.745463 2.39428e-08 5.55062e-06
0.24557 0.733819 -2.87151e-08 1.02889e-05
0.248741 0.730195 3.38043e-08 -4.90312e-06
0.243791 0.735151 -3.92197e-08 3.48843e-06
0.232302 0.746952 4.50263e-08 -2.43202e-06
0.21684 0.762997 -5.13342e-08 1.77981e-06
0.200064 0.780265 5.83349e-08 -1.33767e-06
0.1845 0.796138 -6.62715e-08 1.03169e-06
0.172247 0.808274 7.54955e-08 -8.11809e-07
0.165087 0.814792 -8.64378e-08 6.5092e-07
0.164613 0.813847 9.97291e-08 -5.30107e-07
0.172525 0.803548 -1.16197e-07 4.38242e-07
0.190914 0.781627 1.37116e-07 -3.67039e-07
0.222304 0.745821 -1.64208e-07 3.11264e-07
0.268908 0.694942 1.99946e-07 -2.66623e-07
0.330018 0.631611 -2.47058e-07 2.30079e-07
0.397764 0.565058 3.08317e-07 -1.99116e-07
0.454467 0.51142 -3.85336e-07 1.72399e-07
0.477481 0.48946 4.7973e-07 -1.49355e-07
0.449428 0.515715 -5.92591e-07 1.2987e-07
0.368276 0.598866 7.26332e-07 -1.1326e-07
0.255294 0.724794 -8.85182e-07 9.83754e-08
0.151501 0.843769 1.09782e-06 -8.43775e-08
0.0871188 0.908972 -1.43045e-06 7.17971e-08
0.0663558 0.920197 2.00762e-06 -6.11541e-08
0.087296 0.890538 -2.97701e-06 5.22723e-08
0.169175 0.798727 5.73484e-06 -4.5039e-08
0.364433 0.596113 -9.97444e-07 3.90754e-08
0.665336 0.321798 0.000138245 -3.2314e-08
0.872649 0.132456 0.00149737 2.48008e-08
0.866409 0.0495403 0.0378729 -1.93089e-08
0.492702 0.0115003 0.480687 1.4132e-08
0.0700758 0.000730064 1.17309 -5.57793e-09
0.00527129 3.70566e-05 1.1745 1.45411e-09
0.00161929 0.00904046 1.35582e-09 1.1682
0.014349 0.0748597 -4.99698e-09 1.14768
0.0737475 0.444078 1.01876e-08 0.494872
0.110779 0.796205 -1.21192e-08 0.0440576
0.114625 0.864419 1.47308e-08 0.00194739
0.12002 0.86196 -1.83547e-08 0.000199114
0.1275 0.855597 2.23916e-08 4.66349e-06
0.133035 0.850764 -2.67543e-08 1.00815e-05
0.134489 0.849186 3.14561e-08 -4.85922e-06
0.13175 0.851701 -3.65353e-08 3.44503e-06
0.125623 0.857548 4.20728e-08 -2.40245e-06
0.117509 0.865454 -4.81836e-08 1.75873e-06
0.108801 0.873859 5.50434e-08 -1.32297e-06
0.100793 0.881578 -6.28584e-08 1.02154e-06
0.0945352 0.887506 7.1916e-08 -8.04742e-07
0.0909319 0.890761 -8.25547e-08 6.45753e-07
0.0908102 0.890297 9.52713e-08 -5.25924e-07
0.095054 0.884965 -1.10702e-07 4.34393e-07
0.104775 0.873249 1.2984e-07 -3.63133e-07
0.121396 0.853507 -1.54027e-07 3.07195e-07
0.146532 0.824331 1.85311e-07 -2.6261e-07
0.18086 0.786093 -2.26212e-07 2.26638e-07
0.221584 0.7432 2.79812e-07 -1.96816e-07
0.259073 0.706246 -3.48495e-07 1.71424e-07
0.277585 0.690455 4.34244e-07 -1.49256e-07
0.263293 0.709169 -5.38183e-07 1.2981e-07
0.215958 0.763523 6.65103e-07 -1.12602e-07
0.152369 0.834956 -8.26946e-07 9.72459e-08
0.0964773 0.893375 1.05765e-06 -8.35664e-08
0.0633695 0.922163 -1.41417e-06 7.17004e-08
0.0583093 0.922248 2.00776e-06 -6.14419e-08
0.0873385 0.889663 -2.98597e-06 5.26172e-08
0.176069 0.793129 5.77603e-06 -4.53822e-08
0.379 0.583646 -9.72474e-07 3.93547e-08
0.67856 0.309465 0.000139072 -3.23969e-08
0.875331 0.12663 0.00149855 2.48394e-08
0.865903 0.047612 0.0379048 -1.93901e-08
0.492649 0.011106 0.48108 1.42059e-08
0.0700551 0.000706642 1.17333 -5.60838e-09
0.00526658 3.58703e-05 1.17435 1.46206e-09
0.00119184 0.00934141 1.35968e-09 1.16847
0.0101727 0.0775343 -5.01075e-09 1.15049
0.0500548 0.463946 1.01266e-08 0.4967
0.070924 0.833071 -1.18933e-08 0.0438726
0.0698006 0.904896 1.43913e-08 0.00191692
0.0708381 0.905955 -1.78683e-08 0.000195315
0.0739234 0.904082 2.17173e-08 3.99996e-06
0.0764242 0.902521 -2.58804e-08 1.003e-05
0.0769744 0.902013 3.04004e-08 -4.88703e-06
0.075456 0.903404 -3.53388e-08 3.45699e-06
0.0722296 0.906459 4.07864e-08 -2.41443e-06
0.0679928 0.910659 -4.68568e-08 1.77008e-06
0.0634372 0.915207 5.37114e-08 -1.3338e-06
0.0592271 0.919578 -6.15323e-08 1.03162e-06
0.0559285 0.923176 7.05714e-08 -8.13784e-07
0.0540495 0.925514 -8.11208e-08 6.53562e-07
0.0540712 0.925887 9.36105e-08 -5.32356e-07
0.0564749 0.923521 -1.08576e-07 4.39386e-07
0.0618305 0.917376 1.26847e-07 -3.66657e-07
0.0708084 0.906441 -1.49503e-07 3.09278e-07
0.0841915 0.889941 1.782e-07 -2.6337e-07
0.102375 0.868268 -2.15012e-07 2.26362e-07
0.124235 0.844018 2.62765e-07 -1.95972e-07
0.145144 0.823192 -3.24209e-07 1.70518e-07
0.156756 0.814357 4.02497e-07 -1.48564e-07
0.150986 0.824494 -5.00765e-07 1.29321e-07
0.127313 0.852307 6.26775e-07 -1.12287e-07
0.0945446 0.886678 -7.95451e-07 9.72944e-08
0.0654046 0.914243 1.03938e-06 -8.41606e-08
0.04938 0.928278 -1.4088e-06 7.26713e-08
0.0534962 0.924289 2.00991e-06 -6.24504e-08
0.0877876 0.889571 -2.99265e-06 5.35068e-08
0.181398 0.789008 5.80646e-06 -4.6173e-08
0.38974 0.574362 -9.56205e-07 4.00183e-08
0.687763 0.300611 0.00013964 -3.28337e-08
0.877037 0.122538 0.00149941 2.51639e-08
0.865611 0.0462564 0.0379308 -1.96811e-08
0.49267 0.0108265 0.481374 1.44271e-08
0.0700464 0.00068995 1.17348 -5.69882e-09
0.00526349 3.5022e-05 1.17423 1.48567e-09
0.000970323 0.00946419 1.36144e-09 1.16862
0.00810719 0.0785543 -5.01761e-09 1.15263
0.0389847 0.47211 1.01136e-08 0.498937
0.0534713 0.848135 -1.18234e-08 0.0439822
0.0509808 0.920455 1.42902e-08 0.00191202
0.0505889 0.922061 -1.7725e-08 0.000194509
0.0520573 0.921388 2.15136e-08 3.68484e-06
0.0534024 0.920774 -2.56102e-08 1.0064e-05
0.0536087 0.920585 3.00709e-08 -4.93306e-06
0.0525631 0.921664 -3.49673e-08 3.48626e-06
0.0504579 0.923932 4.03945e-08 -2.43743e-06
0.0477143 0.927101 -4.64646e-08 1.78865e-06
0.0447559 0.930593 5.33327e-08 -1.34917e-06
0.042006 0.93408 -6.11711e-08 1.04448e-06
0.0398458 0.937122 7.02187e-08 -8.24507e-07
0.0386279 0.939376 -8.07502e-08 6.62464e-07
0.0386966 0.940272 9.31709e-08 -5.39653e-07
0.040375 0.939181 -1.07979e-07 4.45264e-07
0.0440266 0.935222 1.25939e-07 -3.71246e-07
0.0500294 0.927588 -1.48022e-07 3.12678e-07
0.0588156 0.915764 1.75703e-07 -2.65661e-07
0.0705608 0.900309 -2.10808e-07 2.27664e-07
0.0845954 0.883393 2.55948e-07 -1.96499e-07
0.0981738 0.869222 -3.13959e-07 1.70577e-07
0.106277 0.863017 3.88673e-07 -1.48476e-07
0.103759 0.868456 -4.84588e-07 1.29317e-07
0.0899436 0.884144 6.11037e-07 -1.12521e-07
0.0698516 0.903967 -7.83652e-07 9.78549e-08
0.0516938 0.92119 1.03351e-06 -8.50038e-08
0.0429614 0.930973 -1.40787e-06 7.36104e-08
0.051279 0.925719 2.01154e-06 -6.3311e-08
0.0881607 0.889723 -2.99614e-06 5.42427e-08
0.184306 0.78682 5.82261e-06 -4.68176e-08
0.395432 0.569408 -9.48298e-07 4.05624e-08
0.692457 0.295996 0.000139927 -3.32221e-08
0.877853 0.120434 0.00149987 2.54588e-08
0.865482 0.0455587 0.0379454 -1.99317e-08
0.492701 0.0106819 0.481532 1.46142e-08
0.0700439 0.000681283 1.17356 -5.77526e-09
0.00526198 3.45806e-05 1.17416 1.50562e-09
0.000970333 0.00946418 1.36146e-09 1.16862
0.00810729 0.0785542 -5.01767e-09 1.15263
0.0389852 0.47211 1.01137e-08 0.498937
0.0534721 0.848134 -1.18235e-08 0.0439822
0.0509818 0.920454 1.42904e-08 0.00191202
0.05059 0.92206 -1.77252e-08 0.000194509
0.0520585 0.921387 2.15139e-08 3.68485e-06
0.0534037 0.920773 -2.56105e-08 1.0064e-05
0.0536099 0.920585 3.00712e-08 -4.93306e-06
0.0525642 0.921664 -3.49677e-08 3.48626e-06
0.0504586 0.923933 4.03949e-08 -2.43743e-06
0.0477148 0.927102 -4.64651e-08 1.78865e-06
0.044756 0.930595 5.33332e-08 -1.34917e-06
0.0420058 0.934082 -6.11717e-08 1.04447e-06
0.0398453 0.937125 7.02194e-08 -8.24507e-07
0.0386273 0.93938 -8.07509e-08 6.62463e-07
0.0386961 0.940277 9.31718e-08 -5.39653e-07
0.0403746 0.939185 -1.0798e-07 4.45264e-07
0.0440267 0.935225 1.25941e-07 -3.71246e-07
0.0500302 0.927588 -1.48023e-07 3.12678e-07
0.0588174 0.915756 1.75705e-07 -2.65661e-07
0.0705639 0.900289 -2.10812e-07 2.27664e-07
0.0846 0.883358 2.55954e-07 -1.96498e-07
0.0981795 0.869173 -3.13967e-07 1.70576e-07
0.106283 0.86296 3.88682e-07 -1.48474e-07
0.103766 0.868397 -4.84599e-07 1.29315e-07
0.089949 0.884091 6.1105e-07 -1.1252e-07
0.0698557 0.903928 -7.83669e-07 9.78543e-08
0.0516965 0.921169 1.03353e-06 -8.50036e-08
0.0429629 0.930966 -1.40789e-06 7.36105e-08
0.0512795 0.92572 2.01156e-06 -6.33111e-08
0.0881606 0.889727 -2.99616e-06 5.42427e-08
0.184306 0.786825 5.82265e-06 -4.68176e-08
0.395431 0.569411 -9.48365e-07 4.05624e-08
0.69245 0.295996 0.000139927 -3.3222e-08
0.877843 0.120434 0.00149987 2.54587e-08
0.865477 0.0455589 0.0379455 -1.99317e-08
0.4927 0.0106819 0.481533 1.46142e-08
0.0700439 0.000681285 1.17356 -5.77525e-09
0.00526198 3.45807e-05 1.17416 1.50562e-09
0.00119187 0.0093414 1.35973e-09 1.16847
0.010173 0.0775342 -5.01092e-09 1.15049
0.0500563 0.463945 1.01269e-08 0.4967
0.0709266 0.833068 -1.18937e-08 0.0438725
0.0698036 0.904892 1.43918e-08 0.00191692
0.0708416 0.90595 -1.78689e-08 0.000195315
0.0739276 0.904078 2.17181e-08 4e-06
0.0764287 0.902518 -2.58814e-08 1.003e-05
0.0769788 0.902011 3.04015e-08 -4.88702e-06
0.0754599 0.903404 -3.534e-08 3.45699e-06
0.0722325 0.906461 4.07878e-08 -2.41443e-06
0.0679945 0.910663 -4.68584e-08 1.77008e-06
0.0634377 0.915213 5.37131e-08 -1.3338e-06
0.0592265 0.919586 -6.15342e-08 1.03162e-06
0.0559269 0.923185 7.05735e-08 -8.13782e-07
0.0540474 0.925524 -8.11231e-08 6.5356e-07
0.0540691 0.925899 9.36131e-08 -5.32355e-07
0.0564732 0.923531 -1.0858e-07 4.39385e-07
0.06183 0.917381 1.26851e-07 -3.66656e-07
0.07081 0.906432 -1.49508e-07 3.09277e-07
0.0841962 0.889909 1.78208e-07 -2.63369e-07
0.102384 0.868203 -2.15023e-07 2.26359e-07
0.124248 0.843915 2.62779e-07 -1.95969e-07
0.145162 0.82306 -3.24227e-07 1.70513e-07
0.156777 0.814208 4.02519e-07 -1.48559e-07
0.151006 0.824342 -5.00792e-07 1.29316e-07
0.12733 0.852166 6.26809e-07 -1.12284e-07
0.0945565 0.886565 -7.95495e-07 9.72922e-08
0.0654122 0.914174 1.03944e-06 -8.41598e-08
0.049384 0.928251 -1.40886e-06 7.26713e-08
0.0534976 0.924287 2.00997e-06 -6.24505e-08
0.0877874 0.889581 -2.99272e-06 5.35068e-08
0.181397 0.789024 5.80658e-06 -4.61731e-08
0.389737 0.574372 -9.56403e-07 4.00184e-08
0.687742 0.300612 0.00013964 -3.28334e-08
0.877005 0.122538 0.00149941 2.51636e-08
0.865597 0.046257 0.0379311 -1.9681e-08
0.492669 0.0108266 0.481378 1.44271e-08
0.0700463 0.000689958 1.17348 -5.6988e-09
0.00526348 3.50224e-05 1.17423 1.48567e-09
0.00161934 0.00904043 1.35589e-09 1.1682
0.0143494 0.0748594 -4.99725e-09 1.14767
0.0737502 0.444076 1.01881e-08 0.494871
0.110784 0.796198 -1.21199e-08 0.0440575
0.114632 0.86441 1.47317e-08 0.00194739
0.120027 0.861951 -1.83558e-08 0.000199114
0.127509 0.855587 2.23929e-08 4.66356e-06
0.133045 0.850755 -2.6756e-08 1.00815e-05
0.134499 0.849178 3.1458e-08 -4.85922e-06
0.131759 0.851696 -3.65375e-08 3.44503e-06
0.12563 0.857548 4.20753e-08 -2.40245e-06
0.117513 0.865458 -4.81863e-08 1.75873e-06
0.108803 0.873868 5.50463e-08 -1.32297e-06
0.100792 0.88159 -6.28616e-08 1.02154e-06
0.0945319 0.887521 7.19195e-08 -8.0474e-07
0.0909271 0.890777 -8.25585e-08 6.4575e-07
0.0908049 0.890312 9.52756e-08 -5.25921e-07
0.095049 0.884974 -1.10707e-07 4.34391e-07
0.104771 0.873246 1.29846e-07 -3.6313e-07
0.121396 0.85348 -1.54035e-07 3.07192e-07
0.146537 0.824271 1.85322e-07 -2.62606e-07
0.180873 0.785994 -2.26227e-07 2.26632e-07
0.221609 0.743068 2.79831e-07 -1.96809e-07
0.259113 0.706095 -3.48518e-07 1.71418e-07
0.277636 0.690299 4.34271e-07 -1.4925e-07
0.263342 0.709013 -5.38215e-07 1.29805e-07
0.215993 0.763365 6.65142e-07 -1.12597e-07
0.152389 0.834805 -8.27e-07 9.7242e-08
0.0964879 0.893258 1.05773e-06 -8.35643e-08
0.0633749 0.922102 -1.41427e-06 7.16998e-08
0.0583112 0.922234 2.00786e-06 -6.14419e-08
0.0873382 0.889674 -2.98609e-06 5.26172e-08
0.176069 0.793152 5.77622e-06 -4.53823e-08
0.378997 0.583662 -9.72789e-07 3.93549e-08
0.678529 0.309467 0.000139073 -3.23966e-08
0.87528 0.126631 0.00149855 2.48391e-08
0.86588 0.047613 0.0379054 -1.93901e-08
0.492647 0.0111062 0.481085 1.42059e-08
0.070055 0.000706655 1.17333 -5.60835e-09
0.00526657 3.5871e-05 1.17435 1.46205e-09
0.00221564 0.00848572 1.34966e-09 1.16793
0.0206685 0.0696091 -4.97798e-09 1.1461
0.113254 0.406278 1.03503e-08 0.496285
0.184299 0.721864 -1.26472e-08 0.0449051
0.202136 0.775855 1.55457e-08 0.00201795
0.217805 0.762267 -1.95112e-08 0.000207017
0.234248 0.745444 2.39448e-08 5.55069e-06
0.245589 0.733799 -2.87176e-08 1.02889e-05
0.24876 0.730176 3.38072e-08 -4.90312e-06
0.243808 0.735136 -3.9223e-08 3.48843e-06
0.232315 0.746944 4.503e-08 -2.43202e-06
0.216848 0.762996 -5.13382e-08 1.77981e-06
0.200068 0.780272 5.83392e-08 -1.33767e-06
0.184498 0.796152 -6.62761e-08 1.03169e-06
0.172241 0.808293 7.55004e-08 -8.11807e-07
0.165077 0.814812 -8.64432e-08 6.50917e-07
0.164601 0.813863 9.9735e-08 -5.30103e-07
0.172512 0.803556 -1.16204e-07 4.38238e-07
0.190903 0.781618 1.37124e-07 -3.67034e-07
0.222298 0.745788 -1.64219e-07 3.11258e-07
0.268912 0.694882 1.99959e-07 -2.66616e-07
0.330043 0.631527 -2.47075e-07 2.30073e-07
0.397825 0.564964 3.0834e-07 -1.99112e-07
0.454571 0.511327 -3.85367e-07 1.72397e-07
0.477617 0.489375 4.7977e-07 -1.49355e-07
0.449561 0.515637 -5.92637e-07 1.2987e-07
0.368366 0.598781 7.2638e-07 -1.13259e-07
0.255333 0.724681 -8.85236e-07 9.83723e-08
0.151514 0.84364 1.0979e-06 -8.43741e-08
0.0871232 0.908878 -1.43056e-06 7.17956e-08
0.066357 0.920161 2.00777e-06 -6.11538e-08
0.0872954 0.890544 -2.97718e-06 5.22723e-08
0.169175 0.798755 5.73509e-06 -4.50393e-08
0.364431 0.596136 -9.97856e-07 3.90757e-08
0.665301 0.3218 0.000138247 -3.23137e-08
0.872583 0.132457 0.00149737 2.48004e-08
0.866376 0.0495417 0.0378736 -1.93089e-08
0.492699 0.0115007 0.480695 1.41321e-08
0.0700755 0.00073008 1.1731 -5.5779e-09
0.00527127 3.70574e-05 1.1745 1.4541e-09
0.00291324 0.00764238 1.34162e-09 1.16786
0.0289208 0.0612943 -4.95782e-09 1.14671
0.171376 0.346185 1.06476e-08 0.500856
0.304503 0.594942 -1.3569e-08 0.0461283
0.351199 0.617566 1.69615e-08 0.00209719
0.383322 0.586027 -2.14427e-08 0.0002146
0.411268 0.556858 2.64179e-08 6.12794e-06
0.429127 0.53856 -3.17416e-08 1.04895e-05
0.434186 0.533171 3.73929e-08 -4.97869e-06
0.427119 0.540377 -4.33779e-08 3.55388e-06
0.410129 0.557807 4.97534e-08 -2.48442e-06
0.386502 0.58225 -5.66119e-08 1.82355e-06
0.359952 0.609709 6.41396e-08 -1.37406e-06
0.334456 0.636085 -7.25993e-08 1.06176e-06
0.31379 0.65721 8.24108e-08 -8.36456e-07
0.301407 0.669352 -9.41257e-08 6.71121e-07
0.300392 0.669124 1.08559e-07 -5.46766e-07
0.313694 0.653635 -1.26776e-07 4.52096e-07
0.344224 0.620473 1.50319e-07 -3.7849e-07
0.394257 0.568712 -1.81097e-07 3.20335e-07
0.463415 0.500754 2.21467e-07 -2.73011e-07
0.545093 0.424661 -2.73487e-07 2.33488e-07
0.62432 0.353796 3.38996e-07 -1.99718e-07
0.680891 0.302915 -4.19529e-07 1.71041e-07
0.696637 0.284418 5.18604e-07 -1.47238e-07
0.658258 0.310632 -6.40585e-07 1.28133e-07
0.557049 0.39865 7.89526e-07 -1.12883e-07
0.400152 0.559655 -9.61129e-07 9.98011e-08
0.235115 0.751894 1.16388e-06 -8.66404e-08
0.12296 0.881416 -1.4644e-06 7.34216e-08
0.0782413 0.917312 2.01344e-06 -6.19879e-08
0.0881354 0.892497 -2.96773e-06 5.27729e-08
0.161723 0.805283 5.688e-06 -4.53913e-08
0.347681 0.610334 -1.03116e-06 3.93855e-08
0.648976 0.336479 0.000137209 -3.274e-08
0.868881 0.139594 0.00149596 2.51726e-08
0.8671 0.0519049 0.0378421 -1.95389e-08
0.492883 0.0119789 0.480258 1.42792e-08
0.0701124 0.000758304 1.17279 -5.63716e-09
0.00527749 3.84786e-05 1.17465 1.46957e-09
0.00361167 0.0065706 1.33349e-09 1.16816
0.0382721 0.0506245 -4.94422e-09 1.14896
0.244553 0.269522 1.10498e-08 0.504968
0.465152 0.429737 -1.47297e-08 0.0466953
0.548284 0.416078 1.86337e-08 0.00210992
0.591891 0.374253 -2.35477e-08 0.000213697
0.62372 0.342897 2.8931e-08 5.74365e-06
0.64231 0.325079 -3.46816e-08 1.04298e-05
0.647438 0.320013 4.08337e-08 -4.99505e-06
0.640745 0.326529 -4.74353e-08 3.5658e-06
0.624234 0.342682 5.4568e-08 -2.50311e-06
0.600308 0.366283 -6.23216e-08 1.84596e-06
0.571968 0.394271 7.08649e-08 -1.39827e-06
0.543206 0.422835 -8.04396e-08 1.08595e-06
0.518748 0.447201 9.14732e-08 -8.59117e-07
0.503645 0.462329 -1.04568e-07 6.91252e-07
0.502617 0.463491 1.20637e-07 -5.63758e-07
0.519478 0.447313 -1.40835e-07 4.65634e-07
0.556318 0.412594 1.66684e-07 -3.88354e-07
0.612086 0.361584 -1.99779e-07 3.26404e-07
0.680827 0.300741 2.4181e-07 -2.75441e-07
0.751185 0.24002 -2.941e-07 2.32969e-07
0.809412 0.189651 3.58495e-07 -1.97416e-07
0.84401 0.157056 -4.37781e-07 1.68116e-07
0.847015 0.147158 5.37639e-07 -1.44395e-07
0.809579 0.167496 -6.65376e-07 1.2569e-07
0.71667 0.236814 8.29854e-07 -1.11332e-07
0.55192 0.388861 -1.02839e-06 1.00155e-07
0.340195 0.625875 1.24482e-06 -8.90975e-08
0.170993 0.834023 -1.51743e-06 7.60422e-08
0.0940277 0.911611 2.02807e-06 -6.36438e-08
0.0901118 0.895326 -2.95995e-06 5.38505e-08
0.154644 0.812139 5.64031e-06 -4.61996e-08
0.330565 0.624721 -1.07075e-06 4.0071e-08
0.630973 0.352072 0.00013604 -3.34831e-08
0.864299 0.147436 0.00149438 2.58091e-08
0.868 0.054507 0.0378161 -1.99711e-08
0.493221 0.0124991 0.479831 1.4569e-08
0.0701664 0.000788823 1.17243 -5.754e-09
0.00528486 4.00018e-05 1.17477 1.50007e-09
0.00419853 0.00542697 1.32702e-09 1.16889
0.0471745 0.039512 -4.94184e-09 1.15169
0.31862 0.193403 1.14624e-08 0.505213
0.623726 0.275469 -1.57376e-08 0.0459312
0.728226 0.243123 1.98939e-08 0.00202766
0.76736 0.206722 -2.49689e-08 0.000203378
0.791817 0.183657 3.0506e-08 4.51196e-06
0.804789 0.171616 -3.64463e-08 1.01504e-05
0.807952 0.168205 4.28706e-08 -4.95021e-06
0.803496 0.172183 -4.98711e-08 3.51873e-06
0.792957 0.182316 5.75722e-08 -2.47426e-06
0.777431 0.197572 -6.60966e-08 1.82782e-06
0.758279 0.216376 7.56325e-08 -1.38828e-06
0.737907 0.236487 -8.64128e-08 1.08181e-06
0.719876 0.254532 9.88265e-08 -8.5874e-07
0.708655 0.266419 -1.13407e-07 6.92785e-07
0.708662 0.268042 1.30971e-07 -5.656e-07
0.722976 0.256714 -1.5251e-07 4.66622e-07
0.751854 0.23235 1.79279e-07 -3.87837e-07
0.791759 0.19817 -2.12508e-07 3.24337e-07
0.835716 0.160027 2.53625e-07 -2.72347e-07
0.875634 0.124528 -3.0413e-07 2.29681e-07
0.90524 0.0968553 3.66596e-07 -1.94625e-07
0.92072 0.0800307 -4.44679e-07 1.66031e-07
0.917814 0.0763142 5.44676e-07 -1.42768e-07
0.887933 0.0908349 -6.748e-07 1.24101e-07
0.814694 0.139088 8.47556e-07 -1.09648e-07
0.670519 0.259671 -1.06986e-06 9.91762e-08
0.445602 0.49709 1.31927e-06 -9.02682e-08
0.22641 0.77023 -1.58235e-06 7.84381e-08
0.112618 0.901407 2.05179e-06 -6.53306e-08
0.0930896 0.898382 -2.9555e-06 5.48781e-08
0.148623 0.818695 5.59706e-06 -4.69319e-08
0.314811 0.637901 -1.11276e-06 4.0672e-08
0.613135 0.366997 0.000134858 -3.41417e-08
0.859216 0.155215 0.00149276 2.63945e-08
0.868961 0.0570979 0.0377984 -2.03674e-08
0.493682 0.0130112 0.47946 1.48315e-08
0.0702324 0.000818665 1.17206 -5.85894e-09
0.00529263 4.14794e-05 1.17485 1.52747e-09
0.00459696 0.00440276 1.32271e-09 1.16995
0.0540561 0.030045 -4.94821e-09 1.15434
0.376787 0.134009 1.17955e-08 0.502192
0.735612 0.168868 -1.63569e-08 0.0444143
0.840138 0.135964 2.05312e-08 0.00191034
0.867648 0.1103 -2.56321e-08 0.000191167
0.883659 0.0959201 3.12241e-08 3.18775e-06
0.891429 0.0888726 -3.72453e-08 9.87654e-06
0.892715 0.0868143 4.37894e-08 -4.90278e-06
0.889909 0.0888147 -5.09696e-08 3.46428e-06
0.884321 0.0940835 5.89332e-08 -2.43337e-06
0.876406 0.102121 -6.78313e-08 1.7943e-06
0.86659 0.112159 7.78818e-08 -1.36087e-06
0.856016 0.123115 -8.93351e-08 1.05952e-06
0.846605 0.133194 1.02565e-07 -8.4083e-07
0.840957 0.140076 -1.18033e-07 6.78455e-07
0.841624 0.141321 1.3642e-07 -5.54028e-07
0.850157 0.135353 -1.58532e-07 4.571e-07
0.866037 0.122274 1.85444e-07 -3.79939e-07
0.886541 0.104131 -2.18306e-07 3.17957e-07
0.907751 0.0842358 2.58685e-07 -2.67561e-07
0.926428 0.0659588 -3.08433e-07 2.26488e-07
0.940807 0.0518712 3.70473e-07 -1.92773e-07
0.94927 0.0436276 -4.48602e-07 1.65039e-07
0.947043 0.0429665 5.49023e-07 -1.42088e-07
0.924371 0.0538205 -6.79962e-07 1.23224e-07
0.865963 0.0881684 8.55263e-07 -1.08226e-07
0.745193 0.180391 -1.08987e-06 9.74753e-08
0.530242 0.394854 1.37228e-06 -8.97986e-08
0.279751 0.703759 -1.64535e-06 7.96683e-08
0.131443 0.887624 2.08021e-06 -6.63696e-08
0.0965097 0.900947 -2.95462e-06 5.53728e-08
0.144042 0.824314 5.56218e-06 -4.72004e-08
0.301842 0.648745 -1.15182e-06 4.08615e-08
0.597477 0.379723 0.0001338 -3.44251e-08
0.854285 0.162079 0.00149123 2.66903e-08
0.869838 0.0593938 0.0377888 -2.05503e-08
0.49418 0.0134609 0.479176 1.49421e-08
0.0703 0.000844651 1.17173 -5.90133e-09
0.00529984 4.27635e-05 1.17489 1.53855e-09
0.00480463 0.00365124 1.32014e-09 1.17102
0.0582503 0.023487 -4.95677e-09 1.15669
0.41212 0.0967043 1.20152e-08 0.49891
0.79441 0.11005 -1.66595e-08 0.0431121
0.891503 0.0821426 2.07993e-08 0.00182128
0.911388 0.0641244 -2.59267e-08 0.000182738
0.923683 0.0547745 3.15702e-08 2.27509e-06
0.929383 0.0503729 -3.76498e-08 9.71332e-06
0.929885 0.049014 4.42626e-08 -4.87792e-06
0.927806 0.0500112 -5.15294e-08 3.43059e-06
0.924354 0.0527976 5.96025e-08 -2.40567e-06
0.919708 0.0570695 -6.86403e-08 1.76942e-06
0.913936 0.062389 7.88717e-08 -1.33852e-06
0.907719 0.0682064 -9.05596e-08 1.03957e-06
0.902199 0.0735938 1.04081e-07 -8.23341e-07
0.898861 0.0773555 -1.19878e-07 6.6351e-07
0.899005 0.0782058 1.38581e-07 -5.41641e-07
0.903313 0.0752911 -1.6093e-07 4.472e-07
0.911338 0.0686268 1.87957e-07 -3.72399e-07
0.921688 0.0592136 -2.20843e-07 3.1259e-07
0.932687 0.0487183 2.6126e-07 -2.64081e-07
0.943351 0.0388773 -3.11173e-07 2.24479e-07
0.953274 0.0312079 3.73536e-07 -1.91735e-07
0.96106 0.0269249 -4.52077e-07 1.64491e-07
0.9612 0.0276137 5.52903e-07 -1.41646e-07
0.943023 0.0365593 -6.84161e-07 1.22581e-07
0.892143 0.0635012 8.59877e-07 -1.07109e-07
0.786083 0.138032 -1.09882e-06 9.58404e-08
0.585404 0.329378 1.40279e-06 -8.85661e-08
0.320945 0.650596 -1.69337e-06 7.98348e-08
0.146934 0.874133 2.10576e-06 -6.67196e-08
0.0995293 0.902622 -2.95594e-06 5.53851e-08
0.141021 0.828423 5.53807e-06 -4.70837e-08
0.292679 0.656421 -1.18209e-06 4.07216e-08
0.585856 0.388964 0.000133004 -3.43914e-08
0.85033 0.167207 0.00149002 2.67255e-08
0.870497 0.0611159 0.0377851 -2.05464e-08
0.494602 0.0137961 0.47899 1.49233e-08
0.0703559 0.000863861 1.17148 -5.89132e-09
0.00530541 4.37151e-05 1.1749 1.53595e-09
0.00487992 0.00325886 1.3189e-09 1.1717
0.0600818 0.0202117 -4.96223e-09 1.15819
0.427596 0.0793875 1.21227e-08 0.497175
0.817219 0.0851506 -1.67811e-08 0.0424525
0.909515 0.0606493 2.09059e-08 0.0017787
0.92675 0.0460956 -2.60614e-08 0.000178933
0.938354 0.0388064 3.17424e-08 1.85001e-06
0.943712 0.0354386 -3.78587e-08 9.64813e-06
0.94409 0.034348 4.45106e-08 -4.87036e-06
0.942309 0.0349566 -5.18224e-08 3.41728e-06
0.939511 0.0367902 5.99459e-08 -2.39404e-06
0.93572 0.0396145 -6.90388e-08 1.75837e-06
0.930864 0.0431112 7.93307e-08 -1.32812e-06
0.92552 0.0469238 -9.10881e-08 1.02987e-06
0.920651 0.0504573 1.04691e-07 -8.14519e-07
0.917451 0.0529624 -1.20585e-07 6.5577e-07
0.916864 0.0536263 1.39396e-07 -5.35162e-07
0.91936 0.0518925 -1.61862e-07 4.42077e-07
0.924643 0.047729 1.89017e-07 -3.68623e-07
0.931872 0.041701 -2.22061e-07 3.10035e-07
0.940103 0.0348262 2.62689e-07 -2.62521e-07
0.948913 0.0282276 -3.12867e-07 2.23621e-07
0.958159 0.0230337 3.75511e-07 -1.91284e-07
0.966452 0.0202879 -4.54301e-07 1.64208e-07
0.968059 0.0214953 5.55326e-07 -1.41372e-07
0.951872 0.02965 -6.86719e-07 1.22197e-07
0.903804 0.0534797 8.62432e-07 -1.06483e-07
0.803997 0.119981 -1.10244e-06 9.48909e-08
0.611809 0.298458 1.41607e-06 -8.76662e-08
0.343076 0.621664 -1.71878e-06 7.96617e-08
0.155695 0.865784 2.12084e-06 -6.67569e-08
0.101303 0.903393 -2.95737e-06 5.52717e-08
0.139535 0.830591 5.52584e-06 -4.69158e-08
0.287953 0.660391 -1.19864e-06 4.05535e-08
0.579673 0.393815 0.000132575 -3.42914e-08
0.848119 0.169951 0.00148934 2.66818e-08
0.870848 0.06204 0.0377843 -2.04974e-08
0.494845 0.0139753 0.4789 1.48793e-08
0.0703875 0.000874069 1.17134 -5.87222e-09
0.00530846 4.42221e-05 1.17491 1.53099e-09
