0 0 0.240897 0.240897 0.240897 0.240897 0.00913006 0.00913006 0.00913006 0.00913006
0 0.164545 0.232235 0.232235 0.232235 0.232235 0.017765 0.017765 0.017765 0.017765
0 0.32909 0.198228 0.198228 0.198228 0.198228 0.051643 0.051643 0.051643 0.051643
0 0.493634 0.11186 0.11186 0.11186 0.11186 0.138121 0.138121 0.138121 0.138121
0 0.658179 0.0383142 0.0383142 0.0383142 0.0383142 0.211769 0.211769 0.211769 0.211769
0 0.822724 0.0136145 0.0136145 0.0136145 0.0136145 0.236397 0.236397 0.236397 0.236397
0 0.987269 0.00853473 0.00853473 0.00853473 0.00853473 0.241475 0.241475 0.241475 0.241475
0 1.15181 0.00998708 0.00998708 0.00998708 0.00998708 0.240014 0.240014 0.240014 0.240014
0 1.31636 0.0137256 0.0137256 0.0137256 0.0137256 0.236273 0.236273 0.236273 0.236273
0 1.4809 0.0167713 0.0167713 0.0167713 0.0167713 0.233225 0.233225 0.233225 0.233225
0 1.64545 0.0168727 0.0168727 0.0168727 0.0168727 0.233129 0.233129 0.233129 0.233129
0 1.80999 0.0139488 0.0139488 0.0139488 0.0139488 0.236052 0.236052 0.236052 0.236052
0 1.97454 0.0101942 0.0101942 0.0101942 0.0101942 0.239804 0.239804 0.239804 0.239804
0 2.13908 0.00857403 0.00857403 0.00857403 0.00857403 0.241416 0.241416 0.241416 0.241416
0 2.30363 0.0132543 0.0132543 0.0132543 0.0132543 0.236734 0.236734 0.236734 0.236734
0 2.46817 0.0367436 0.0367436 0.0367436 0.0367436 0.21318 0.21318 0.21318 0.21318
0 2.63272 0.108449 0.108449 0.108449 0.108449 0.14156 0.14156 0.14156 0.14156
0 2.79726 0.196619 0.196619 0.196619 0.196619 0.0535108 0.0535108 0.0535108 0.0535108
0 2.96181 0.231778 0.231778 0.231778 0.231778 0.0182238 0.0182238 0.0182238 0.0182238
0 3.12635 0.240712 0.240712 0.240712 0.240712 0.00926072 0.00926072 0.00926072 0.00926072
0.095 0 0.238449 0.238449 0.238449 0.238449 0.011573 0.011573 0.011573 0.011573
0.095 0.164545 0.22831 0.22831 0.22831 0.22831 0.0216799 0.0216799 0.0216799 0.0216799
0.095 0.32909 0.190204 0.190204 0.190204 0.190204 0.0596654 0.0596654 0.0596654 0.0596654
0.095 0.493634 0.102795 0.102795 0.102795 0.102795 0.147213 0.147213 0.147213 0.147213
0.095 0.658179 0.0354231 0.0354231 0.0354231 0.0354231 0.21465 0.21465 0.21465 0.21465
0.095 0.822724 0.0135798 0.0135798 0.0135798 0.0135798 0.236431 0.236431 0.236431 0.236431
0.095 0.987269 0.0100004 0.0100004 0.0100004 0.0100004 0.240006 0.240006 0.240006 0.240006
0.095 1.15181 0.0133994 0.0133994 0.0133994 0.0133994 0.236596 0.236596 0.236596 0.236596
0.095 1.31636 0.0197183 0.0197183 0.0197183 0.0197183 0.230269 0.230269 0.230269 0.230269
0.095 1.4809 0.0249022 0.0249022 0.0249022 0.0249022 0.225087 0.225087 0.225087 0.225087
0.095 1.64545 0.0250811 0.0250811 0.0250811 0.0250811 0.224923 0.224923 0.224923 0.224923
0.095 1.80999 0.0201062 0.0201062 0.0201062 0.0201062 0.229902 0.229902 0.229902 0.229902
0.095 1.97454 0.0137525 0.0137525 0.0137525 0.0137525 0.236252 0.236252 0.236252 0.236252
0.095 2.13908 0.0101368 0.0101368 0.0101368 0.0101368 0.239857 0.239857 0.239857 0.239857
0.095 2.30363 0.0133036 0.0133036 0.0133036 0.0133036 0.236685 0.236685 0.236685 0.236685
0.095 2.46817 0.0340385 0.0340385 0.0340385 0.0340385 0.215894 0.215894 0.215894 0.215894
0.095 2.63272 0.0995894 0.0995894 0.0995894 0.0995894 0.150394 0.150394 0.150394 0.150394
0.095 2.79726 0.188442 0.188442 0.188442 0.188442 0.0616892 0.0616892 0.0616892 0.0616892
0.095 2.96181 0.22779 0.22779 0.22779 0.22779 0.0222224 0.0222224 0.0222224 0.0222224
0.095 3.12635 0.238243 0.238243 0.238243 0.238243 0.0117338 0.0117338 0.0117338 0.0117338
0.19 0 0.232221 0.232221 0.232221 0.232221 0.0177939 0.0177939 0.0177939 0.0177939
0.19 0.164545 0.218534 0.218534 0.218534 0.218534 0.0314342 0.0314342 0.0314342 0.0314342
0.19 0.32909 0.172234 0.172234 0.172234 0.172234 0.0776443 0.0776443 0.0776443 0.0776443
0.19 0.493634 0.0862521 0.0862521 0.0862521 0.0862521 0.163796 0.163796 0.163796 0.163796
0.19 0.658179 0.0305472 0.0305472 0.0305472 0.0305472 0.219506 0.219506 0.219506 0.219506
0.19 0.822724 0.013765 0.013765 0.013765 0.013765 0.236244 0.236244 0.236244 0.236244
0.19 0.987269 0.0133452 0.0133452 0.0133452 0.0133452 0.236652 0.236652 0.236652 0.236652
0.19 1.15181 0.0214935 0.0214935 0.0214935 0.0214935 0.228482 0.228482 0.228482 0.228482
0.19 1.31636 0.0346274 0.0346274 0.0346274 0.0346274 0.215332 0.215332 0.215332 0.215332
0.19 1.4809 0.0455554 0.0455554 0.0455554 0.0455554 0.204422 0.204422 0.204422 0.204422
0.19 1.64545 0.0459483 0.0459483 0.0459483 0.0459483 0.204065 0.204065 0.204065 0.204065
0.19 1.80999 0.0354723 0.0354723 0.0354723 0.0354723 0.214563 0.214563 0.214563 0.214563
0.19 1.97454 0.0222326 0.0222326 0.0222326 0.0222326 0.22779 0.22779 0.22779 0.22779
0.19 2.13908 0.0137113 0.0137113 0.0137113 0.0137113 0.236292 0.236292 0.236292 0.236292
0.19 2.30363 0.0136552 0.0136552 0.0136552 0.0136552 0.236336 0.236336 0.236336 0.236336
0.19 2.46817 0.029487 0.029487 0.029487 0.029487 0.220463 0.220463 0.220463 0.220463
0.19 2.63272 0.0835027 0.0835027 0.0835027 0.0835027 0.166446 0.166446 0.166446 0.166446
0.19 2.79726 0.170193 0.170193 0.170193 0.170193 0.0799276 0.0799276 0.0799276 0.0799276
0.19 2.96181 0.217859 0.217859 0.217859 0.217859 0.0321773 0.0321773 0.0321773 0.0321773
0.19 3.12635 0.23195 0.23195 0.23195 0.23195 0.0180395 0.0180395 0.0180395 0.0180395
0.285 0 0.218553 0.218553 0.218553 0.218553 0.0314395 0.0314395 0.0314395 0.0314395
0.285 0.164545 0.198454 0.198454 0.198454 0.198454 0.051484 0.051484 0.051484 0.051484
0.285 0.32909 0.142285 0.142285 0.142285 0.142285 0.107642 0.107642 0.107642 0.107642
0.285 0.493634 0.0657788 0.0657788 0.0657788 0.0657788 0.184291 0.184291 0.184291 0.184291
0.285 0.658179 0.025069 0.025069 0.025069 0.025069 0.224963 0.224963 0.224963 0.224963
0.285 0.822724 0.0145786 0.0145786 0.0145786 0.0145786 0.235425 0.235425 0.235425 0.235425
0.285 0.987269 0.0194107 0.0194107 0.0194107 0.0194107 0.230566 0.230566 0.230566 0.230566
0.285 1.15181 0.0370121 0.0370121 0.0370121 0.0370121 0.212918 0.212918 0.212918 0.212918
0.285 1.31636 0.0640369 0.0640369 0.0640369 0.0640369 0.185887 0.185887 0.185887 0.185887
0.285 1.4809 0.0855684 0.0855684 0.0855684 0.0855684 0.164403 0.164403 0.164403 0.164403
0.285 1.64545 0.0863346 0.0863346 0.0863346 0.0863346 0.163675 0.163675 0.163675 0.163675
0.285 1.80999 0.0658025 0.0658025 0.0658025 0.0658025 0.184262 0.184262 0.184262 0.184262
0.285 1.97454 0.0385806 0.0385806 0.0385806 0.0385806 0.21149 0.21149 0.21149 0.21149
0.285 2.13908 0.020222 0.020222 0.020222 0.020222 0.229803 0.229803 0.229803 0.229803
0.285 2.30363 0.0147216 0.0147216 0.0147216 0.0147216 0.235276 0.235276 0.235276 0.235276
0.285 2.46817 0.0243947 0.0243947 0.0243947 0.0243947 0.225575 0.225575 0.225575 0.225575
0.285 2.63272 0.0637122 0.0637122 0.0637122 0.0637122 0.186219 0.186219 0.186219 0.186219
0.285 2.79726 0.140007 0.140007 0.140007 0.140007 0.110061 0.110061 0.110061 0.110061
0.285 2.96181 0.197486 0.197486 0.197486 0.197486 0.0525832 0.0525832 0.0525832 0.0525832
0.285 3.12635 0.218126 0.218126 0.218126 0.218126 0.0318826 0.0318826 0.0318826 0.0318826
0.38 0 0.190378 0.190378 0.190378 0.190378 0.0595923 0.0595923 0.0595923 0.0595923
0.38 0.164545 0.162351 0.162351 0.162351 0.162351 0.0875907 0.0875907 0.0875907 0.0875907
0.38 0.32909 0.103231 0.103231 0.103231 0.103231 0.146777 0.146777 0.146777 0.146777
0.38 0.493634 0.0460445 0.0460445 0.0460445 0.0460445 0.204012 0.204012 0.204012 0.204012
0.38 0.658179 0.0202191 0.0202191 0.0202191 0.0202191 0.229797 0.229797 0.229797 0.229797
0.38 0.822724 0.0164355 0.0164355 0.0164355 0.0164355 0.233557 0.233557 0.233557 0.233557
0.38 0.987269 0.0293488 0.0293488 0.0293488 0.0293488 0.220587 0.220587 0.220587 0.220587
0.38 1.15181 0.0632814 0.0632814 0.0632814 0.0632814 0.186602 0.186602 0.186602 0.186602
0.38 1.31636 0.110128 0.110128 0.110128 0.110128 0.139854 0.139854 0.139854 0.139854
0.38 1.4809 0.141159 0.141159 0.141159 0.141159 0.108873 0.108873 0.108873 0.108873
0.38 1.64545 0.142132 0.142132 0.142132 0.142132 0.107853 0.107853 0.107853 0.107853
0.38 1.80999 0.1129 0.1129 0.1129 0.1129 0.137101 0.137101 0.137101 0.137101
0.38 1.97454 0.0662689 0.0662689 0.0662689 0.0662689 0.183845 0.183845 0.183845 0.183845
0.38 2.13908 0.0309482 0.0309482 0.0309482 0.0309482 0.219122 0.219122 0.219122 0.219122
0.38 2.30363 0.0169334 0.0169334 0.0169334 0.0169334 0.233076 0.233076 0.233076 0.233076
0.38 2.46817 0.019923 0.019923 0.019923 0.019923 0.230062 0.230062 0.230062 0.230062
0.38 2.63272 0.0447191 0.0447191 0.0447191 0.0447191 0.205225 0.205225 0.205225 0.205225
0.38 2.79726 0.101133 0.101133 0.101133 0.101133 0.148854 0.148854 0.148854 0.148854
0.38 2.96181 0.160985 0.160985 0.160985 0.160985 0.0890846 0.0890846 0.0890846 0.0890846
0.38 3.12635 0.189645 0.189645 0.189645 0.189645 0.0603977 0.0603977 0.0603977 0.0603977
0.475 0 0.142206 0.142206 0.142206 0.142206 0.107775 0.107775 0.107775 0.107775
0.475 0.164545 0.112262 0.112262 0.112262 0.112262 0.137732 0.137732 0.137732 0.137732
0.475 0.32909 0.0654863 0.0654863 0.0654863 0.0654863 0.184558 0.184558 0.184558 0.184558
0.475 0.493634 0.0304914 0.0304914 0.0304914 0.0304914 0.219539 0.219539 0.219539 0.219539
0.475 0.658179 0.0166628 0.0166628 0.0166628 0.0166628 0.233342 0.233342 0.233342 0.233342
0.475 0.822724 0.0195945 0.0195945 0.0195945 0.0195945 0.23038 0.23038 0.23038 0.23038
0.475 0.987269 0.0440037 0.0440037 0.0440037 0.0440037 0.205875 0.205875 0.205875 0.205875
0.475 1.15181 0.0999497 0.0999497 0.0999497 0.0999497 0.149989 0.149989 0.149989 0.149989
0.475 1.31636 0.160245 0.160245 0.160245 0.160245 0.0898876 0.0898876 0.0898876 0.0898876
0.475 1.4809 0.189612 0.189612 0.189612 0.189612 0.0604499 0.0604499 0.0604499 0.0604499
0.475 1.64545 0.190382 0.190382 0.190382 0.190382 0.0595829 0.0595829 0.0595829 0.0595829
0.475 1.80999 0.163061 0.163061 0.163061 0.163061 0.0868188 0.0868188 0.0868188 0.0868188
0.475 1.97454 0.10444 0.10444 0.10444 0.10444 0.145598 0.145598 0.145598 0.145598
0.475 2.13908 0.0468207 0.0468207 0.0468207 0.0468207 0.203314 0.203314 0.203314 0.203314
0.475 2.30363 0.0205704 0.0205704 0.0205704 0.0205704 0.22946 0.22946 0.22946 0.22946
0.475 2.46817 0.016701 0.016701 0.016701 0.016701 0.233296 0.233296 0.233296 0.233296
0.475 2.63272 0.0297779 0.0297779 0.0297779 0.0297779 0.220191 0.220191 0.220191 0.220191
0.475 2.79726 0.0640394 0.0640394 0.0640394 0.0640394 0.185914 0.185914 0.185914 0.185914
0.475 2.96181 0.110795 0.110795 0.110795 0.110795 0.139204 0.139204 0.139204 0.139204
0.475 3.12635 0.141134 0.141134 0.141134 0.141134 0.108894 0.108894 0.108894 0.108894
0.57 0 0.0864621 0.0864621 0.0864621 0.0864621 0.16355 0.16355 0.16355 0.16355
0.57 0.164545 0.065441 0.065441 0.065441 0.065441 0.184587 0.184587 0.184587 0.184587
0.57 0.32909 0.0381846 0.0381846 0.0381846 0.0381846 0.211843 0.211843 0.211843 0.211843
0.57 0.493634 0.019961 0.019961 0.019961 0.019961 0.230051 0.230051 0.230051 0.230051
0.57 0.658179 0.0144933 0.0144933 0.0144933 0.0144933 0.235503 0.235503 0.235503 0.235503
0.57 0.822724 0.0239668 0.0239668 0.0239668 0.0239668 0.22598 0.22598 0.22598 0.22598
0.57 0.987269 0.0626339 0.0626339 0.0626339 0.0626339 0.187208 0.187208 0.187208 0.187208
0.57 1.15181 0.138641 0.138641 0.138641 0.138641 0.111469 0.111469 0.111469 0.111469
0.57 1.31636 0.196886 0.196886 0.196886 0.196886 0.0532736 0.0532736 0.0532736 0.0532736
0.57 1.4809 0.218074 0.218074 0.218074 0.218074 0.0319565 0.0319565 0.0319565 0.0319565
0.57 1.64545 0.218585 0.218585 0.218585 0.218585 0.0313895 0.0313895 0.0313895 0.0313895
0.57 1.80999 0.199037 0.199037 0.199037 0.199037 0.0508221 0.0508221 0.0508221 0.0508221
0.57 1.97454 0.143659 0.143659 0.143659 0.143659 0.106202 0.106202 0.106202 0.106202
0.57 2.13908 0.0669581 0.0669581 0.0669581 0.0669581 0.183208 0.183208 0.183208 0.183208
0.57 2.30363 0.0255426 0.0255426 0.0255426 0.0255426 0.224523 0.224523 0.224523 0.224523
0.57 2.46817 0.0148147 0.0148147 0.0148147 0.0148147 0.23519 0.23519 0.23519 0.23519
0.57 2.63272 0.0196637 0.0196637 0.0196637 0.0196637 0.230324 0.230324 0.230324 0.230324
0.57 2.79726 0.0373984 0.0373984 0.0373984 0.0373984 0.212573 0.212573 0.212573 0.212573
0.57 2.96181 0.0644168 0.0644168 0.0644168 0.0644168 0.185549 0.185549 0.185549 0.185549
0.57 3.12635 0.085489 0.085489 0.085489 0.085489 0.164487 0.164487 0.164487 0.164487
0.665 0 0.0460505 0.0460505 0.0460505 0.0460505 0.203966 0.203966 0.203966 0.203966
0.665 0.164545 0.0353233 0.0353233 0.0353233 0.0353233 0.214692 0.214692 0.214692 0.214692
0.665 0.32909 0.0220494 0.0220494 0.0220494 0.0220494 0.227958 0.227958 0.227958 0.227958
0.665 0.493634 0.0135507 0.0135507 0.0135507 0.0135507 0.236453 0.236453 0.236453 0.236453
0.665 0.658179 0.0134423 0.0134423 0.0134423 0.0134423 0.236551 0.236551 0.236551 0.236551
0.665 0.822724 0.0289377 0.0289377 0.0289377 0.0289377 0.220974 0.220974 0.220974 0.220974
0.665 0.987269 0.0820849 0.0820849 0.0820849 0.0820849 0.16778 0.16778 0.16778 0.16778
0.665 1.15181 0.168921 0.168921 0.168921 0.168921 0.081312 0.081312 0.081312 0.081312
0.665 1.31636 0.217401 0.217401 0.217401 0.217401 0.0326988 0.0326988 0.0326988 0.0326988
0.665 1.4809 0.231906 0.231906 0.231906 0.231906 0.0181087 0.0181087 0.0181087 0.0181087
0.665 1.64545 0.232254 0.232254 0.232254 0.232254 0.0177376 0.0177376 0.0177376 0.0177376
0.665 1.80999 0.218982 0.218982 0.218982 0.218982 0.0309318 0.0309318 0.0309318 0.0309318
0.665 1.97454 0.173504 0.173504 0.173504 0.173504 0.0762465 0.0762465 0.0762465 0.0762465
0.665 2.13908 0.0878011 0.0878011 0.0878011 0.0878011 0.16232 0.16232 0.16232 0.16232
0.665 2.30363 0.0311677 0.0311677 0.0311677 0.0311677 0.218943 0.218943 0.218943 0.218943
0.665 2.46817 0.0139957 0.0139957 0.0139957 0.0139957 0.236012 0.236012 0.236012 0.236012
0.665 2.63272 0.0135076 0.0135076 0.0135076 0.0135076 0.23649 0.23649 0.23649 0.23649
0.665 2.79726 0.021676 0.021676 0.021676 0.021676 0.228314 0.228314 0.228314 0.228314
0.665 2.96181 0.0347878 0.0347878 0.0347878 0.0347878 0.215195 0.215195 0.215195 0.215195
0.665 3.12635 0.0454813 0.0454813 0.0454813 0.0454813 0.204499 0.204499 0.204499 0.204499
0.76 0 0.025144 0.025144 0.025144 0.025144 0.224856 0.224856 0.224856 0.224856
0.76 0.164545 0.0200481 0.0200481 0.0200481 0.0200481 0.229951 0.229951 0.229951 0.229951
0.76 0.32909 0.0136606 0.0136606 0.0136606 0.0136606 0.23634 0.23634 0.23634 0.23634
0.76 0.493634 0.0100216 0.0100216 0.0100216 0.0100216 0.239978 0.239978 0.239978 0.239978
0.76 0.658179 0.0130912 0.0130912 0.0130912 0.0130912 0.236901 0.236901 0.236901 0.236901
0.76 0.822724 0.0333781 0.0333781 0.0333781 0.0333781 0.2165 0.2165 0.2165 0.2165
0.76 0.987269 0.097944 0.097944 0.097944 0.097944 0.151983 0.151983 0.151983 0.151983
0.76 1.15181 0.187326 0.187326 0.187326 0.187326 0.0629383 0.0629383 0.0629383 0.0629383
0.76 1.31636 0.227419 0.227419 0.227419 0.227419 0.0226293 0.0226293 0.0226293 0.0226293
0.76 1.4809 0.23821 0.23821 0.23821 0.23821 0.0117953 0.0117953 0.0117953 0.0117953
0.76 1.64545 0.238477 0.238477 0.238477 0.238477 0.011519 0.011519 0.011519 0.011519
0.76 1.80999 0.228676 0.228676 0.228676 0.228676 0.0212854 0.0212854 0.0212854 0.0212854
0.76 1.97454 0.191319 0.191319 0.191319 0.191319 0.0584087 0.0584087 0.0584087 0.0584087
0.76 2.13908 0.104584 0.104584 0.104584 0.104584 0.145453 0.145453 0.145453 0.145453
0.76 2.30363 0.0361768 0.0361768 0.0361768 0.0361768 0.213974 0.213974 0.213974 0.213974
0.76 2.46817 0.013817 0.013817 0.013817 0.013817 0.236191 0.236191 0.236191 0.236191
0.76 2.63272 0.0101218 0.0101218 0.0101218 0.0101218 0.239881 0.239881 0.239881 0.239881
0.76 2.79726 0.0134938 0.0134938 0.0134938 0.0134938 0.236504 0.236504 0.236504 0.236504
0.76 2.96181 0.0197836 0.0197836 0.0197836 0.0197836 0.230215 0.230215 0.230215 0.230215
0.76 3.12635 0.0248537 0.0248537 0.0248537 0.0248537 0.225143 0.225143 0.225143 0.225143
0.855 0 0.0169155 0.0169155 0.0169155 0.0169155 0.233079 0.233079 0.233079 0.233079
0.855 0.164545 0.0139193 0.0139193 0.0139193 0.0139193 0.236075 0.236075 0.236075 0.236075
0.855 0.32909 0.0101341 0.0101341 0.0101341 0.0101341 0.239865 0.239865 0.239865 0.239865
0.855 0.493634 0.00847572 0.00847572 0.00847572 0.00847572 0.241522 0.241522 0.241522 0.241522
0.855 0.658179 0.0130388 0.0130388 0.0130388 0.0130388 0.236954 0.236954 0.236954 0.236954
0.855 0.822724 0.0360173 0.0360173 0.0360173 0.0360173 0.213842 0.213842 0.213842 0.213842
0.855 0.987269 0.106702 0.106702 0.106702 0.106702 0.143272 0.143272 0.143272 0.143272
0.855 1.15181 0.195594 0.195594 0.195594 0.195594 0.0546684 0.0546684 0.0546684 0.0546684
0.855 1.31636 0.231446 0.231446 0.231446 0.231446 0.0185777 0.0185777 0.0185777 0.0185777
0.855 1.4809 0.240683 0.240683 0.240683 0.240683 0.00931781 0.00931781 0.00931781 0.00931781
0.855 1.64545 0.240921 0.240921 0.240921 0.240921 0.00907803 0.00907803 0.00907803 0.00907803
0.855 1.80999 0.232564 0.232564 0.232564 0.232564 0.0174201 0.0174201 0.0174201 0.0174201
0.855 1.97454 0.199256 0.199256 0.199256 0.199256 0.050477 0.050477 0.050477 0.050477
0.855 2.13908 0.113752 0.113752 0.113752 0.113752 0.136228 0.136228 0.136228 0.136228
0.855 2.30363 0.039147 0.039147 0.039147 0.039147 0.211026 0.211026 0.211026 0.211026
0.855 2.46817 0.0138589 0.0138589 0.0138589 0.0138589 0.236149 0.236149 0.236149 0.236149
0.855 2.63272 0.00864093 0.00864093 0.00864093 0.00864093 0.241363 0.241363 0.241363 0.241363
0.855 2.79726 0.0100505 0.0100505 0.0100505 0.0100505 0.239949 0.239949 0.239949 0.239949
0.855 2.96181 0.0137604 0.0137604 0.0137604 0.0137604 0.236245 0.236245 0.236245 0.236245
0.855 3.12635 0.0167372 0.0167372 0.0167372 0.0167372 0.233267 0.233267 0.233267 0.233267
0.95 0 0.0169151 0.0169151 0.0169151 0.0169151 0.233079 0.233079 0.233079 0.233079
0.95 0.164545 0.013919 0.013919 0.013919 0.013919 0.236076 0.236076 0.236076 0.236076
0.95 0.32909 0.0101338 0.0101338 0.0101338 0.0101338 0.239865 0.239865 0.239865 0.239865
0.95 0.493634 0.00847562 0.00847562 0.00847562 0.00847562 0.241522 0.241522 0.241522 0.241522
0.95 0.658179 0.0130388 0.0130388 0.0130388 0.0130388 0.236954 0.236954 0.236954 0.236954
0.95 0.822724 0.0360177 0.0360177 0.0360177 0.0360177 0.213842 0.213842 0.213842 0.213842
0.95 0.987269 0.106703 0.106703 0.106703 0.106703 0.143271 0.143271 0.143271 0.143271
0.95 1.15181 0.195595 0.195595 0.195595 0.195595 0.0546673 0.0546673 0.0546673 0.0546673
0.95 1.31636 0.231446 0.231446 0.231446 0.231446 0.0185772 0.0185772 0.0185772 0.0185772
0.95 1.4809 0.240684 0.240684 0.240684 0.240684 0.00931752 0.00931752 0.00931752 0.00931752
0.95 1.64545 0.240922 0.240922 0.240922 0.240922 0.00907775 0.00907775 0.00907775 0.00907775
0.95 1.80999 0.232564 0.232564 0.232564 0.232564 0.0174196 0.0174196 0.0174196 0.0174196
0.95 1.97454 0.199256 0.199256 0.199256 0.199256 0.050476 0.050476 0.050476 0.050476
0.95 2.13908 0.113753 0.113753 0.113753 0.113753 0.136227 0.136227 0.136227 0.136227
0.95 2.30363 0.0391475 0.0391475 0.0391475 0.0391475 0.211025 0.211025 0.211025 0.211025
0.95 2.46817 0.0138589 0.0138589 0.0138589 0.0138589 0.236149 0.236149 0.236149 0.236149
0.95 2.63272 0.00864083 0.00864083 0.00864083 0.00864083 0.241363 0.241363 0.241363 0.241363
0.95 2.79726 0.0100502 0.0100502 0.0100502 0.0100502 0.23995 0.23995 0.23995 0.23995
0.95 2.96181 0.01376 0.01376 0.01376 0.01376 0.236246 0.236246 0.236246 0.236246
0.95 3.12635 0.0167367 0.0167367 0.0167367 0.0167367 0.233268 0.233268 0.233268 0.233268
1.045 0 0.0251425 0.0251425 0.0251425 0.0251425 0.224857 0.224857 0.224857 0.224857
1.045 0.164545 0.0200469 0.0200469 0.0200469 0.0200469 0.229952 0.229952 0.229952 0.229952
1.045 0.32909 0.0136598 0.0136598 0.0136598 0.0136598 0.23634 0.23634 0.23634 0.23634
1.045 0.493634 0.0100212 0.0100212 0.0100212 0.0100212 0.239978 0.239978 0.239978 0.239978
1.045 0.658179 0.0130913 0.0130913 0.0130913 0.0130913 0.236901 0.236901 0.236901 0.236901
1.045 0.822724 0.0333793 0.0333793 0.0333793 0.0333793 0.216499 0.216499 0.216499 0.216499
1.045 0.987269 0.0979475 0.0979475 0.0979475 0.0979475 0.15198 0.15198 0.15198 0.15198
1.045 1.15181 0.187328 0.187328 0.187328 0.187328 0.0629347 0.0629347 0.0629347 0.0629347
1.045 1.31636 0.227421 0.227421 0.227421 0.227421 0.0226276 0.0226276 0.0226276 0.0226276
1.045 1.4809 0.238211 0.238211 0.238211 0.238211 0.0117943 0.0117943 0.0117943 0.0117943
1.045 1.64545 0.238478 0.238478 0.238478 0.238478 0.011518 0.011518 0.011518 0.011518
1.045 1.80999 0.228678 0.228678 0.228678 0.228678 0.0212838 0.0212838 0.0212838 0.0212838
1.045 1.97454 0.191322 0.191322 0.191322 0.191322 0.0584053 0.0584053 0.0584053 0.0584053
1.045 2.13908 0.104587 0.104587 0.104587 0.104587 0.14545 0.14545 0.14545 0.14545
1.045 2.30363 0.0361781 0.0361781 0.0361781 0.0361781 0.213974 0.213974 0.213974 0.213974
1.045 2.46817 0.0138171 0.0138171 0.0138171 0.0138171 0.236191 0.236191 0.236191 0.236191
1.045 2.63272 0.0101215 0.0101215 0.0101215 0.0101215 0.239881 0.239881 0.239881 0.239881
1.045 2.79726 0.0134929 0.0134929 0.0134929 0.0134929 0.236505 0.236505 0.236505 0.236505
1.045 2.96181 0.0197823 0.0197823 0.0197823 0.0197823 0.230217 0.230217 0.230217 0.230217
1.045 3.12635 0.024852 0.024852 0.024852 0.024852 0.225144 0.225144 0.225144 0.225144
1.14 0 0.0460472 0.0460472 0.0460472 0.0460472 0.203969 0.203969 0.203969 0.203969
1.14 0.164545 0.0353206 0.0353206 0.0353206 0.0353206 0.214694 0.214694 0.214694 0.214694
1.14 0.32909 0.0220477 0.0220477 0.0220477 0.0220477 0.22796 0.22796 0.22796 0.22796
1.14 0.493634 0.0135499 0.0135499 0.0135499 0.0135499 0.236454 0.236454 0.236454 0.236454
1.14 0.658179 0.0134423 0.0134423 0.0134423 0.0134423 0.236551 0.236551 0.236551 0.236551
1.14 0.822724 0.0289391 0.0289391 0.0289391 0.0289391 0.220972 0.220972 0.220972 0.220972
1.14 0.987269 0.0820901 0.0820901 0.0820901 0.0820901 0.167776 0.167776 0.167776 0.167776
1.14 1.15181 0.168926 0.168926 0.168926 0.168926 0.0813051 0.0813051 0.0813051 0.0813051
1.14 1.31636 0.217404 0.217404 0.217404 0.217404 0.0326951 0.0326951 0.0326951 0.0326951
1.14 1.4809 0.231908 0.231908 0.231908 0.231908 0.0181064 0.0181064 0.0181064 0.0181064
1.14 1.64545 0.232256 0.232256 0.232256 0.232256 0.0177353 0.0177353 0.0177353 0.0177353
1.14 1.80999 0.218985 0.218985 0.218985 0.218985 0.0309283 0.0309283 0.0309283 0.0309283
1.14 1.97454 0.173508 0.173508 0.173508 0.173508 0.0762399 0.0762399 0.0762399 0.0762399
1.14 2.13908 0.0878064 0.0878064 0.0878064 0.0878064 0.162315 0.162315 0.162315 0.162315
1.14 2.30363 0.0311693 0.0311693 0.0311693 0.0311693 0.218942 0.218942 0.218942 0.218942
1.14 2.46817 0.0139957 0.0139957 0.0139957 0.0139957 0.236012 0.236012 0.236012 0.236012
1.14 2.63272 0.0135068 0.0135068 0.0135068 0.0135068 0.236491 0.236491 0.236491 0.236491
1.14 2.79726 0.0216742 0.0216742 0.0216742 0.0216742 0.228316 0.228316 0.228316 0.228316
1.14 2.96181 0.0347848 0.0347848 0.0347848 0.0347848 0.215198 0.215198 0.215198 0.215198
1.14 3.12635 0.0454775 0.0454775 0.0454775 0.0454775 0.204502 0.204502 0.204502 0.204502
1.235 0 0.0864567 0.0864567 0.0864567 0.0864567 0.163555 0.163555 0.163555 0.163555
1.235 0.164545 0.065436 0.065436 0.065436 0.065436 0.184591 0.184591 0.184591 0.184591
1.235 0.32909 0.0381812 0.0381812 0.0381812 0.0381812 0.211846 0.211846 0.211846 0.211846
1.235 0.493634 0.0199595 0.0199595 0.0199595 0.0199595 0.230053 0.230053 0.230053 0.230053
1.235 0.658179 0.014493 0.014493 0.014493 0.014493 0.235504 0.235504 0.235504 0.235504
1.235 0.822724 0.0239681 0.0239681 0.0239681 0.0239681 0.225979 0.225979 0.225979 0.225979
1.235 0.987269 0.0626394 0.0626394 0.0626394 0.0626394 0.187204 0.187204 0.187204 0.187204
1.235 1.15181 0.138649 0.138649 0.138649 0.138649 0.111459 0.111459 0.111459 0.111459
1.235 1.31636 0.196891 0.196891 0.196891 0.196891 0.0532662 0.0532662 0.0532662 0.0532662
1.235 1.4809 0.218079 0.218079 0.218079 0.218079 0.0319516 0.0319516 0.0319516 0.0319516
1.235 1.64545 0.21859 0.21859 0.21859 0.21859 0.0313847 0.0313847 0.0313847 0.0313847
1.235 1.80999 0.199042 0.199042 0.199042 0.199042 0.050815 0.050815 0.050815 0.050815
1.235 1.97454 0.143666 0.143666 0.143666 0.143666 0.106192 0.106192 0.106192 0.106192
1.235 2.13908 0.0669639 0.0669639 0.0669639 0.0669639 0.183204 0.183204 0.183204 0.183204
1.235 2.30363 0.0255441 0.0255441 0.0255441 0.0255441 0.224521 0.224521 0.224521 0.224521
1.235 2.46817 0.0148145 0.0148145 0.0148145 0.0148145 0.23519 0.23519 0.23519 0.23519
1.235 2.63272 0.0196622 0.0196622 0.0196622 0.0196622 0.230326 0.230326 0.230326 0.230326
1.235 2.79726 0.0373949 0.0373949 0.0373949 0.0373949 0.212575 0.212575 0.212575 0.212575
1.235 2.96181 0.0644113 0.0644113 0.0644113 0.0644113 0.185553 0.185553 0.185553 0.185553
1.235 3.12635 0.0854826 0.0854826 0.0854826 0.0854826 0.164492 0.164492 0.164492 0.164492
1.33 0 0.142201 0.142201 0.142201 0.142201 0.107781 0.107781 0.107781 0.107781
1.33 0.164545 0.112255 0.112255 0.112255 0.112255 0.137738 0.137738 0.137738 0.137738
1.33 0.32909 0.0654805 0.0654805 0.0654805 0.0654805 0.184562 0.184562 0.184562 0.184562
1.33 0.493634 0.0304886 0.0304886 0.0304886 0.0304886 0.219541 0.219541 0.219541 0.219541
1.33 0.658179 0.016662 0.016662 0.016662 0.016662 0.233343 0.233343 0.233343 0.233343
1.33 0.822724 0.0195954 0.0195954 0.0195954 0.0195954 0.230379 0.230379 0.230379 0.230379
1.33 0.987269 0.0440082 0.0440082 0.0440082 0.0440082 0.205871 0.205871 0.205871 0.205871
1.33 1.15181 0.09996 0.09996 0.09996 0.09996 0.14998 0.14998 0.14998 0.14998
1.33 1.31636 0.160254 0.160254 0.160254 0.160254 0.0898757 0.0898757 0.0898757 0.0898757
1.33 1.4809 0.189618 0.189618 0.189618 0.189618 0.0604398 0.0604398 0.0604398 0.0604398
1.33 1.64545 0.190388 0.190388 0.190388 0.190388 0.059573 0.059573 0.059573 0.059573
1.33 1.80999 0.163069 0.163069 0.163069 0.163069 0.0868069 0.0868069 0.0868069 0.0868069
1.33 1.97454 0.10445 0.10445 0.10445 0.10445 0.145589 0.145589 0.145589 0.145589
1.33 2.13908 0.0468255 0.0468255 0.0468255 0.0468255 0.203311 0.203311 0.203311 0.203311
1.33 2.30363 0.0205715 0.0205715 0.0205715 0.0205715 0.229459 0.229459 0.229459 0.229459
1.33 2.46817 0.0167003 0.0167003 0.0167003 0.0167003 0.233297 0.233297 0.233297 0.233297
1.33 2.63272 0.0297751 0.0297751 0.0297751 0.0297751 0.220194 0.220194 0.220194 0.220194
1.33 2.79726 0.0640333 0.0640333 0.0640333 0.0640333 0.185919 0.185919 0.185919 0.185919
1.33 2.96181 0.110788 0.110788 0.110788 0.110788 0.139211 0.139211 0.139211 0.139211
1.33 3.12635 0.141129 0.141129 0.141129 0.141129 0.108902 0.108902 0.108902 0.108902
1.425 0 0.190375 0.190375 0.190375 0.190375 0.0595963 0.0595963 0.0595963 0.0595963
1.425 0.164545 0.162346 0.162346 0.162346 0.162346 0.0875971 0.0875971 0.0875971 0.0875971
1.425 0.32909 0.103223 0.103223 0.103223 0.103223 0.146784 0.146784 0.146784 0.146784
1.425 0.493634 0.0460397 0.0460397 0.0460397 0.0460397 0.204016 0.204016 0.204016 0.204016
1.425 0.658179 0.0202175 0.0202175 0.0202175 0.0202175 0.229798 0.229798 0.229798 0.229798
1.425 0.822724 0.016436 0.016436 0.016436 0.016436 0.233557 0.233557 0.233557 0.233557
1.425 0.987269 0.0293518 0.0293518 0.0293518 0.0293518 0.220585 0.220585 0.220585 0.220585
1.425 1.15181 0.0632896 0.0632896 0.0632896 0.0632896 0.186596 0.186596 0.186596 0.186596
1.425 1.31636 0.110141 0.110141 0.110141 0.110141 0.139843 0.139843 0.139843 0.139843
1.425 1.4809 0.14117 0.14117 0.14117 0.14117 0.108859 0.108859 0.108859 0.108859
1.425 1.64545 0.142143 0.142143 0.142143 0.142143 0.107839 0.107839 0.107839 0.107839
1.425 1.80999 0.112912 0.112912 0.112912 0.112912 0.13709 0.13709 0.13709 0.13709
1.425 1.97454 0.0662776 0.0662776 0.0662776 0.0662776 0.183839 0.183839 0.183839 0.183839
1.425 2.13908 0.0309514 0.0309514 0.0309514 0.0309514 0.219119 0.219119 0.219119 0.219119
1.425 2.30363 0.0169339 0.0169339 0.0169339 0.0169339 0.233076 0.233076 0.233076 0.233076
1.425 2.46817 0.0199216 0.0199216 0.0199216 0.0199216 0.230064 0.230064 0.230064 0.230064
1.425 2.63272 0.0447145 0.0447145 0.0447145 0.0447145 0.205229 0.205229 0.205229 0.205229
1.425 2.79726 0.101125 0.101125 0.101125 0.101125 0.148861 0.148861 0.148861 0.148861
1.425 2.96181 0.16098 0.16098 0.16098 0.16098 0.0890918 0.0890918 0.0890918 0.0890918
1.425 3.12635 0.189642 0.189642 0.189642 0.189642 0.0604026 0.0604026 0.0604026 0.0604026
1.52 0 0.218551 0.218551 0.218551 0.218551 0.0314415 0.0314415 0.0314415 0.0314415
1.52 0.164545 0.198451 0.198451 0.198451 0.198451 0.0514883 0.0514883 0.0514883 0.0514883
1.52 0.32909 0.142278 0.142278 0.142278 0.142278 0.107651 0.107651 0.107651 0.107651
1.52 0.493634 0.0657715 0.0657715 0.0657715 0.0657715 0.184296 0.184296 0.184296 0.184296
1.52 0.658179 0.0250664 0.0250664 0.0250664 0.0250664 0.224966 0.224966 0.224966 0.224966
1.52 0.822724 0.0145784 0.0145784 0.0145784 0.0145784 0.235425 0.235425 0.235425 0.235425
1.52 0.987269 0.0194125 0.0194125 0.0194125 0.0194125 0.230565 0.230565 0.230565 0.230565
1.52 1.15181 0.0370171 0.0370171 0.0370171 0.0370171 0.212914 0.212914 0.212914 0.212914
1.52 1.31636 0.0640465 0.0640465 0.0640465 0.0640465 0.18588 0.18588 0.18588 0.18588
1.52 1.4809 0.0855809 0.0855809 0.0855809 0.0855809 0.164393 0.164393 0.164393 0.164393
1.52 1.64545 0.0863471 0.0863471 0.0863471 0.0863471 0.163666 0.163666 0.163666 0.163666
1.52 1.80999 0.0658123 0.0658123 0.0658123 0.0658123 0.184255 0.184255 0.184255 0.184255
1.52 1.97454 0.0385858 0.0385858 0.0385858 0.0385858 0.211486 0.211486 0.211486 0.211486
1.52 2.13908 0.0202239 0.0202239 0.0202239 0.0202239 0.229801 0.229801 0.229801 0.229801
1.52 2.30363 0.0147216 0.0147216 0.0147216 0.0147216 0.235276 0.235276 0.235276 0.235276
1.52 2.46817 0.0243924 0.0243924 0.0243924 0.0243924 0.225577 0.225577 0.225577 0.225577
1.52 2.63272 0.0637053 0.0637053 0.0637053 0.0637053 0.186224 0.186224 0.186224 0.186224
1.52 2.79726 0.14 0.14 0.14 0.14 0.11007 0.11007 0.11007 0.11007
1.52 2.96181 0.197483 0.197483 0.197483 0.197483 0.0525879 0.0525879 0.0525879 0.0525879
1.52 3.12635 0.218123 0.218123 0.218123 0.218123 0.0318848 0.0318848 0.0318848 0.0318848
1.615 0 0.23222 0.23222 0.23222 0.23222 0.0177949 0.0177949 0.0177949 0.0177949
1.615 0.164545 0.218532 0.218532 0.218532 0.218532 0.0314368 0.0314368 0.0314368 0.0314368
1.615 0.32909 0.172228 0.172228 0.172228 0.172228 0.0776522 0.0776522 0.0776522 0.0776522
1.615 0.493634 0.0862427 0.0862427 0.0862427 0.0862427 0.163804 0.163804 0.163804 0.163804
1.615 0.658179 0.0305435 0.0305435 0.0305435 0.0305435 0.219509 0.219509 0.219509 0.219509
1.615 0.822724 0.0137643 0.0137643 0.0137643 0.0137643 0.236245 0.236245 0.236245 0.236245
1.615 0.987269 0.0133461 0.0133461 0.0133461 0.0133461 0.236652 0.236652 0.236652 0.236652
1.615 1.15181 0.0214962 0.0214962 0.0214962 0.0214962 0.228479 0.228479 0.228479 0.228479
1.615 1.31636 0.0346325 0.0346325 0.0346325 0.0346325 0.215328 0.215328 0.215328 0.215328
1.615 1.4809 0.0455626 0.0455626 0.0455626 0.0455626 0.204416 0.204416 0.204416 0.204416
1.615 1.64545 0.0459556 0.0459556 0.0459556 0.0459556 0.20406 0.20406 0.20406 0.20406
1.615 1.80999 0.0354775 0.0354775 0.0354775 0.0354775 0.214559 0.214559 0.214559 0.214559
1.615 1.97454 0.0222354 0.0222354 0.0222354 0.0222354 0.227788 0.227788 0.227788 0.227788
1.615 2.13908 0.0137123 0.0137123 0.0137123 0.0137123 0.236291 0.236291 0.236291 0.236291
1.615 2.30363 0.0136547 0.0136547 0.0136547 0.0136547 0.236336 0.236336 0.236336 0.236336
1.615 2.46817 0.0294836 0.0294836 0.0294836 0.0294836 0.220466 0.220466 0.220466 0.220466
1.615 2.63272 0.083494 0.083494 0.083494 0.083494 0.166453 0.166453 0.166453 0.166453
1.615 2.79726 0.170188 0.170188 0.170188 0.170188 0.0799355 0.0799355 0.0799355 0.0799355
1.615 2.96181 0.217857 0.217857 0.217857 0.217857 0.0321801 0.0321801 0.0321801 0.0321801
1.615 3.12635 0.231948 0.231948 0.231948 0.231948 0.0180406 0.0180406 0.0180406 0.0180406
1.71 0 0.238448 0.238448 0.238448 0.238448 0.0115736 0.0115736 0.0115736 0.0115736
1.71 0.164545 0.228308 0.228308 0.228308 0.228308 0.0216817 0.0216817 0.0216817 0.0216817
1.71 0.32909 0.190199 0.190199 0.190199 0.190199 0.0596722 0.0596722 0.0596722 0.0596722
1.71 0.493634 0.102785 0.102785 0.102785 0.102785 0.147223 0.147223 0.147223 0.147223
1.71 0.658179 0.0354183 0.0354183 0.0354183 0.0354183 0.214653 0.214653 0.214653 0.214653
1.71 0.822724 0.0135787 0.0135787 0.0135787 0.0135787 0.236432 0.236432 0.236432 0.236432
1.71 0.987269 0.0100008 0.0100008 0.0100008 0.0100008 0.240006 0.240006 0.240006 0.240006
1.71 1.15181 0.0134009 0.0134009 0.0134009 0.0134009 0.236594 0.236594 0.236594 0.236594
1.71 1.31636 0.019721 0.019721 0.019721 0.019721 0.230267 0.230267 0.230267 0.230267
1.71 1.4809 0.024906 0.024906 0.024906 0.024906 0.225084 0.225084 0.225084 0.225084
1.71 1.64545 0.0250848 0.0250848 0.0250848 0.0250848 0.224919 0.224919 0.224919 0.224919
1.71 1.80999 0.020109 0.020109 0.020109 0.020109 0.2299 0.2299 0.2299 0.2299
1.71 1.97454 0.0137541 0.0137541 0.0137541 0.0137541 0.23625 0.23625 0.23625 0.23625
1.71 2.13908 0.0101372 0.0101372 0.0101372 0.0101372 0.239856 0.239856 0.239856 0.239856
1.71 2.30363 0.0133027 0.0133027 0.0133027 0.0133027 0.236686 0.236686 0.236686 0.236686
1.71 2.46817 0.0340342 0.0340342 0.0340342 0.0340342 0.215898 0.215898 0.215898 0.215898
1.71 2.63272 0.0995795 0.0995795 0.0995795 0.0995795 0.150403 0.150403 0.150403 0.150403
1.71 2.79726 0.188438 0.188438 0.188438 0.188438 0.0616958 0.0616958 0.0616958 0.0616958
1.71 2.96181 0.227788 0.227788 0.227788 0.227788 0.0222243 0.0222243 0.0222243 0.0222243
1.71 3.12635 0.238242 0.238242 0.238242 0.238242 0.0117344 0.0117344 0.0117344 0.0117344
1.805 0 0.240896 0.240896 0.240896 0.240896 0.00913048 0.00913048 0.00913048 0.00913048
1.805 0.164545 0.232233 0.232233 0.232233 0.232233 0.0177664 0.0177664 0.0177664 0.0177664
1.805 0.32909 0.198224 0.198224 0.198224 0.198224 0.0516491 0.0516491 0.0516491 0.0516491
1.805 0.493634 0.111849 0.111849 0.111849 0.111849 0.138132 0.138132 0.138132 0.138132
1.805 0.658179 0.0383089 0.0383089 0.0383089 0.0383089 0.211773 0.211773 0.211773 0.211773
1.805 0.822724 0.0136132 0.0136132 0.0136132 0.0136132 0.236398 0.236398 0.236398 0.236398
1.805 0.987269 0.00853487 0.00853487 0.00853487 0.00853487 0.241475 0.241475 0.241475 0.241475
1.805 1.15181 0.00998811 0.00998811 0.00998811 0.00998811 0.240013 0.240013 0.240013 0.240013
1.805 1.31636 0.0137274 0.0137274 0.0137274 0.0137274 0.236271 0.236271 0.236271 0.236271
1.805 1.4809 0.0167737 0.0167737 0.0167737 0.0167737 0.233222 0.233222 0.233222 0.233222
1.805 1.64545 0.0168751 0.0168751 0.0168751 0.0168751 0.233127 0.233127 0.233127 0.233127
1.805 1.80999 0.0139506 0.0139506 0.0139506 0.0139506 0.23605 0.23605 0.23605 0.23605
1.805 1.97454 0.0101952 0.0101952 0.0101952 0.0101952 0.239803 0.239803 0.239803 0.239803
1.805 2.13908 0.00857423 0.00857423 0.00857423 0.00857423 0.241416 0.241416 0.241416 0.241416
1.805 2.30363 0.0132532 0.0132532 0.0132532 0.0132532 0.236735 0.236735 0.236735 0.236735
1.805 2.46817 0.0367388 0.0367388 0.0367388 0.0367388 0.213183 0.213183 0.213183 0.213183
1.805 2.63272 0.108438 0.108438 0.108438 0.108438 0.14157 0.14157 0.14157 0.14157
1.805 2.79726 0.196615 0.196615 0.196615 0.196615 0.0535167 0.0535167 0.0535167 0.0535167
1.805 2.96181 0.231776 0.231776 0.231776 0.231776 0.0182253 0.0182253 0.0182253 0.0182253
1.805 3.12635 0.240711 0.240711 0.240711 0.240711 0.00926117 0.00926117 0.00926117 0.00926117
