0 0 0.226274 0.226274 0.226274 0.226274 0.0237255 0.0237255 0.0237255 0.0237255
0 0.2 0.234479 0.234479 0.234479 0.234479 0.0155205 0.0155205 0.0155205 0.0155205
0 0.4 0.239389 0.239389 0.239389 0.239389 0.0106113 0.0106113 0.0106113 0.0106113
0 0.6 0.24139 0.24139 0.24139 0.24139 0.00860966 0.00860966 0.00860966 0.00860966
0 0.8 0.241836 0.241836 0.241836 0.241836 0.00816381 0.00816381 0.00816381 0.00816381
0 1 0.241286 0.241286 0.241286 0.241286 0.00871355 0.00871355 0.00871355 0.00871355
0 1.2 0.240164 0.240164 0.240164 0.240164 0.00983579 0.00983579 0.00983579 0.00983579
0 1.4 0.23881 0.23881 0.23881 0.23881 0.0111905 0.0111905 0.0111905 0.0111905
0 1.6 0.237606 0.237606 0.237606 0.237606 0.0123936 0.0123936 0.0123936 0.0123936
0 1.8 0.236896 0.236896 0.236896 0.236896 0.0131037 0.0131037 0.0131037 0.0131037
0 2 0.236896 0.236896 0.236896 0.236896 0.0131037 0.0131037 0.0131037 0.0131037
0 2.2 0.237606 0.237606 0.237606 0.237606 0.0123936 0.0123936 0.0123936 0.0123936
0 2.4 0.23881 0.23881 0.23881 0.23881 0.0111905 0.0111905 0.0111905 0.0111905
0 2.6 0.240164 0.240164 0.240164 0.240164 0.00983579 0.00983579 0.00983579 0.00983579
0 2.8 0.241286 0.241286 0.241286 0.241286 0.00871355 0.00871355 0.00871355 0.00871355
0 3 0.241836 0.241836 0.241836 0.241836 0.00816381 0.00816381 0.00816381 0.00816381
0 3.2 0.24139 0.24139 0.24139 0.24139 0.00860966 0.00860966 0.00860966 0.00860966
0 3.4 0.239389 0.239389 0.239389 0.239389 0.0106113 0.0106113 0.0106113 0.0106113
0 3.6 0.234479 0.234479 0.234479 0.234479 0.0155205 0.0155205 0.0155205 0.0155205
0 3.8 0.226274 0.226274 0.226274 0.226274 0.0237255 0.0237255 0.0237255 0.0237255
0.195 0 0.226274 0.226274 0.226274 0.226274 0.0237255 0.0237255 0.0237255 0.0237255
0.195 0.2 0.234479 0.234479 0.234479 0.234479 0.0155205 0.0155205 0.0155205 0.0155205
0.195 0.4 0.239389 0.239389 0.239389 0.239389 0.0106113 0.0106113 0.0106113 0.0106113
0.195 0.6 0.24139 0.24139 0.24139 0.24139 0.00860966 0.00860966 0.00860966 0.00860966
0.195 0.8 0.241836 0.241836 0.241836 0.241836 0.00816381 0.00816381 0.00816381 0.00816381
0.195 1 0.241286 0.241286 0.241286 0.241286 0.00871355 0.00871355 0.00871355 0.00871355
0.195 1.2 0.240164 0.240164 0.240164 0.240164 0.00983579 0.00983579 0.00983579 0.00983579
0.195 1.4 0.23881 0.23881 0.23881 0.23881 0.0111905 0.0111905 0.0111905 0.0111905
0.195 1.6 0.237606 0.237606 0.237606 0.237606 0.0123936 0.0123936 0.0123936 0.0123936
0.195 1.8 0.236896 0.236896 0.236896 0.236896 0.0131037 0.0131037 0.0131037 0.0131037
0.195 2 0.236896 0.236896 0.236896 0.236896 0.0131037 0.0131037 0.0131037 0.0131037
0.195 2.2 0.237606 0.237606 0.237606 0.237606 0.0123936 0.0123936 0.0123936 0.0123936
0.195 2.4 0.23881 0.23881 0.23881 0.23881 0.0111905 0.0111905 0.0111905 0.0111905
0.195 2.6 0.240164 0.240164 0.240164 0.240164 0.00983579 0.00983579 0.00983579 0.00983579
0.195 2.8 0.241286 0.241286 0.241286 0.241286 0.00871355 0.00871355 0.00871355 0.00871355
0.195 3 0.241836 0.241836 0.241836 0.241836 0.00816381 0.00816381 0.00816381 0.00816381
0.195 3.2 0.24139 0.24139 0.24139 0.24139 0.00860966 0.00860966 0.00860966 0.00860966
0.195 3.4 0.239389 0.239389 0.239389 0.239389 0.0106113 0.0106113 0.0106113 0.0106113
0.195 3.6 0.234479 0.234479 0.234479 0.234479 0.0155205 0.0155205 0.0155205 0.0155205
0.195 3.8 0.226274 0.226274 0.226274 0.226274 0.0237255 0.0237255 0.0237255 0.0237255
0.39 0 0.226274 0.226274 0.226274 0.226274 0.0237255 0.0237255 0.0237255 0.0237255
0.39 0.2 0.234479 0.234479 0.234479 0.234479 0.0155205 0.0155205 0.0155205 0.0155205
0.39 0.4 0.239389 0.239389 0.239389 0.239389 0.0106113 0.0106113 0.0106113 0.0106113
0.39 0.6 0.24139 0.24139 0.24139 0.24139 0.00860966 0.00860966 0.00860966 0.00860966
0.39 0.8 0.241836 0.241836 0.241836 0.241836 0.00816381 0.00816381 0.00816381 0.00816381
0.39 1 0.241286 0.241286 0.241286 0.241286 0.00871355 0.00871355 0.00871355 0.00871355
0.39 1.2 0.240164 0.240164 0.240164 0.240164 0.00983579 0.00983579 0.00983579 0.00983579
0.39 1.4 0.23881 0.23881 0.23881 0.23881 0.0111905 0.0111905 0.0111905 0.0111905
0.39 1.6 0.237606 0.237606 0.237606 0.237606 0.0123936 0.0123936 0.0123936 0.0123936
0.39 1.8 0.236896 0.236896 0.236896 0.236896 0.0131037 0.0131037 0.0131037 0.0131037
0.39 2 0.236896 0.236896 0.236896 0.236896 0.0131037 0.0131037 0.0131037 0.0131037
0.39 2.2 0.237606 0.237606 0.237606 0.237606 0.0123936 0.0123936 0.0123936 0.0123936
0.39 2.4 0.23881 0.23881 0.23881 0.23881 0.0111905 0.0111905 0.0111905 0.0111905
0.39 2.6 0.240164 0.240164 0.240164 0.240164 0.00983579 0.00983579 0.00983579 0.00983579
0.39 2.8 0.241286 0.241286 0.241286 0.241286 0.00871355 0.00871355 0.00871355 0.00871355
0.39 3 0.241836 0.241836 0.241836 0.241836 0.00816381 0.00816381 0.00816381 0.00816381
0.39 3.2 0.24139 0.24139 0.24139 0.24139 0.00860966 0.00860966 0.00860966 0.00860966
0.39 3.4 0.239389 0.239389 0.239389 0.239389 0.0106113 0.0106113 0.0106113 0.0106113
0.39 3.6 0.234479 0.234479 0.234479 0.234479 0.0155205 0.0155205 0.0155205 0.0155205
0.39 3.8 0.226274 0.226274 0.226274 0.226274 0.0237255 0.0237255 0.0237255 0.0237255
0.585 0 0.226274 0.226274 0.226274 0.226274 0.0237255 0.0237255 0.0237255 0.0237255
0.585 0.2 0.234479 0.234479 0.234479 0.234479 0.0155205 0.0155205 0.0155205 0.0155205
0.585 0.4 0.239389 0.239389 0.239389 0.239389 0.0106113 0.0106113 0.0106113 0.0106113
0.585 0.6 0.24139 0.24139 0.24139 0.24139 0.00860966 0.00860966 0.00860966 0.00860966
0.585 0.8 0.241836 0.241836 0.241836 0.241836 0.00816381 0.00816381 0.00816381 0.00816381
0.585 1 0.241286 0.241286 0.241286 0.241286 0.00871355 0.00871355 0.00871355 0.00871355
0.585 1.2 0.240164 0.240164 0.240164 0.240164 0.00983579 0.00983579 0.00983579 0.00983579
0.585 1.4 0.23881 0.23881 0.23881 0.23881 0.0111905 0.0111905 0.0111905 0.0111905
0.585 1.6 0.237606 0.237606 0.237606 0.237606 0.0123936 0.0123936 0.0123936 0.0123936
0.585 1.8 0.236896 0.236896 0.236896 0.236896 0.0131037 0.0131037 0.0131037 0.0131037
0.585 2 0.236896 0.236896 0.236896 0.236896 0.0131037 0.0131037 0.0131037 0.0131037
0.585 2.2 0.237606 0.237606 0.237606 0.237606 0.0123936 0.0123936 0.0123936 0.0123936
0.585 2.4 0.23881 0.23881 0.23881 0.23881 0.0111905 0.0111905 0.0111905 0.0111905
0.585 2.6 0.240164 0.240164 0.240164 0.240164 0.00983579 0.00983579 0.00983579 0.00983579
0.585 2.8 0.241286 0.241286 0.241286 0.241286 0.00871355 0.00871355 0.00871355 0.00871355
0.585 3 0.241836 0.241836 0.241836 0.241836 0.00816381 0.00816381 0.00816381 0.00816381
0.585 3.2 0.24139 0.24139 0.24139 0.24139 0.00860966 0.00860966 0.00860966 0.00860966
0.585 3.4 0.239389 0.239389 0.239389 0.239389 0.0106113 0.0106113 0.0106113 0.0106113
0.585 3.6 0.234479 0.234479 0.234479 0.234479 0.0155205 0.0155205 0.0155205 0.0155205
0.585 3.8 0.226274 0.226274 0.226274 0.226274 0.0237255 0.0237255 0.0237255 0.0237255
0.78 0 0.226274 0.226274 0.226274 0.226274 0.0237255 0.0237255 0.0237255 0.0237255
0.78 0.2 0.234479 0.234479 0.234479 0.234479 0.0155205 0.0155205 0.0155205 0.0155205
0.78 0.4 0.239389 0.239389 0.239389 0.239389 0.0106113 0.0106113 0.0106113 0.0106113
0.78 0.6 0.24139 0.24139 0.24139 0.24139 0.00860966 0.00860966 0.00860966 0.00860966
0.78 0.8 0.241836 0.241836 0.241836 0.241836 0.00816381 0.00816381 0.00816381 0.00816381
0.78 1 0.241286 0.241286 0.241286 0.241286 0.00871355 0.00871355 0.00871355 0.00871355
0.78 1.2 0.240164 0.240164 0.240164 0.240164 0.00983579 0.00983579 0.00983579 0.00983579
0.78 1.4 0.23881 0.23881 0.23881 0.23881 0.0111905 0.0111905 0.0111905 0.0111905
0.78 1.6 0.237606 0.237606 0.237606 0.237606 0.0123936 0.0123936 0.0123936 0.0123936
0.78 1.8 0.236896 0.236896 0.236896 0.236896 0.0131037 0.0131037 0.0131037 0.0131037
0.78 2 0.236896 0.236896 0.236896 0.236896 0.0131037 0.0131037 0.0131037 0.0131037
0.78 2.2 0.237606 0.237606 0.237606 0.237606 0.0123936 0.0123936 0.0123936 0.0123936
0.78 2.4 0.23881 0.23881 0.23881 0.23881 0.0111905 0.0111905 0.0111905 0.0111905
0.78 2.6 0.240164 0.240164 0.240164 0.240164 0.00983579 0.00983579 0.00983579 0.00983579
0.78 2.8 0.241286 0.241286 0.241286 0.241286 0.00871355 0.00871355 0.00871355 0.00871355
0.78 3 0.241836 0.241836 0.241836 0.241836 0.00816381 0.00816381 0.00816381 0.00816381
0.78 3.2 0.24139 0.24139 0.24139 0.24139 0.00860966 0.00860966 0.00860966 0.00860966
0.78 3.4 0.239389 0.239389 0.239389 0.239389 0.0106113 0.0106113 0.0106113 0.0106113
0.78 3.6 0.234479 0.234479 0.234479 0.234479 0.0155205 0.0155205 0.0155205 0.0155205
0.78 3.8 0.226274 0.226274 0.226274 0.226274 0.0237255 0.0237255 0.0237255 0.0237255
0.975 0 0.226274 0.226274 0.226274 0.226274 0.0237255 0.0237255 0.0237255 0.0237255
0.975 0.2 0.234479 0.234479 0.234479 0.234479 0.0155205 0.0155205 0.0155205 0.0155205
0.975 0.4 0.239389 0.239389 0.239389 0.239389 0.0106113 0.0106113 0.0106113 0.0106113
0.975 0.6 0.24139 0.24139 0.24139 0.24139 0.00860966 0.00860966 0.00860966 0.00860966
0.975 0.8 0.241836 0.241836 0.241836 0.241836 0.00816381 0.00816381 0.00816381 0.00816381
0.975 1 0.241286 0.241286 0.241286 0.241286 0.00871355 0.00871355 0.00871355 0.00871355
0.975 1.2 0.240164 0.240164 0.240164 0.240164 0.00983579 0.00983579 0.00983579 0.00983579
0.975 1.4 0.23881 0.23881 0.23881 0.23881 0.0111905 0.0111905 0.0111905 0.0111905
0.975 1.6 0.237606 0.237606 0.237606 0.237606 0.0123936 0.0123936 0.0123936 0.0123936
0.975 1.8 0.236896 0.236896 0.236896 0.236896 0.0131037 0.0131037 0.0131037 0.0131037
0.975 2 0.236896 0.236896 0.236896 0.236896 0.0131037 0.0131037 0.0131037 0.0131037
0.975 2.2 0.237606 0.237606 0.237606 0.237606 0.0123936 0.0123936 0.0123936 0.0123936
0.975 2.4 0.23881 0.23881 0.23881 0.23881 0.0111905 0.0111905 0.0111905 0.0111905
0.975 2.6 0.240164 0.240164 0.240164 0.240164 0.00983579 0.00983579 0.00983579 0.00983579
0.975 2.8 0.241286 0.241286 0.241286 0.241286 0.00871355 0.00871355 0.00871355 0.00871355
0.975 3 0.241836 0.241836 0.241836 0.241836 0.00816381 0.00816381 0.00816381 0.00816381
0.975 3.2 0.24139 0.24139 0.24139 0.24139 0.00860966 0.00860966 0.00860966 0.00860966
0.975 3.4 0.239389 0.239389 0.239389 0.239389 0.0106113 0.0106113 0.0106113 0.0106113
0.975 3.6 0.234479 0.234479 0.234479 0.234479 0.0155205 0.0155205 0.0155205 0.0155205
0.975 3.8 0.226274 0.226274 0.226274 0.226274 0.0237255 0.0237255 0.0237255 0.0237255
1.17 0 0.226274 0.226274 0.226274 0.226274 0.0237255 0.0237255 0.0237255 0.0237255
1.17 0.2 0.234479 0.234479 0.234479 0.234479 0.0155205 0.0155205 0.0155205 0.0155205
1.17 0.4 0.239389 0.239389 0.239389 0.239389 0.0106113 0.0106113 0.0106113 0.0106113
1.17 0.6 0.24139 0.24139 0.24139 0.24139 0.00860966 0.00860966 0.00860966 0.00860966
1.17 0.8 0.241836 0.241836 0.241836 0.241836 0.00816381 0.00816381 0.00816381 0.00816381
1.17 1 0.241286 0.241286 0.241286 0.241286 0.00871355 0.00871355 0.00871355 0.00871355
1.17 1.2 0.240164 0.240164 0.240164 0.240164 0.00983579 0.00983579 0.00983579 0.00983579
1.17 1.4 0.23881 0.23881 0.23881 0.23881 0.0111905 0.0111905 0.0111905 0.0111905
1.17 1.6 0.237606 0.237606 0.237606 0.237606 0.0123936 0.0123936 0.0123936 0.0123936
1.17 1.8 0.236896 0.236896 0.236896 0.236896 0.0131037 0.0131037 0.0131037 0.0131037
1.17 2 0.236896 0.236896 0.236896 0.236896 0.0131037 0.0131037 0.0131037 0.0131037
1.17 2.2 0.237606 0.237606 0.237606 0.237606 0.0123936 0.0123936 0.0123936 0.0123936
1.17 2.4 0.23881 0.23881 0.23881 0.23881 0.0111905 0.0111905 0.0111905 0.0111905
1.17 2.6 0.240164 0.240164 0.240164 0.240164 0.00983579 0.00983579 0.00983579 0.00983579
1.17 2.8 0.241286 0.241286 0.241286 0.241286 0.00871355 0.00871355 0.00871355 0.00871355
1.17 3 0.241836 0.241836 0.241836 0.241836 0.00816381 0.00816381 0.00816381 0.00816381
1.17 3.2 0.24139 0.24139 0.24139 0.24139 0.00860966 0.00860966 0.00860966 0.00860966
1.17 3.4 0.239389 0.239389 0.239389 0.239389 0.0106113 0.0106113 0.0106113 0.0106113
1.17 3.6 0.234479 0.234479 0.234479 0.234479 0.0155205 0.0155205 0.0155205 0.0155205
1.17 3.8 0.226274 0.226274 0.226274 0.226274 0.0237255 0.0237255 0.0237255 0.0237255
1.365 0 0.226274 0.226274 0.226274 0.226274 0.0237255 0.0237255 0.0237255 0.0237255
1.365 0.2 0.234479 0.234479 0.234479 0.234479 0.0155205 0.0155205 0.0155205 0.0155205
1.365 0.4 0.239389 0.239389 0.239389 0.239389 0.0106113 0.0106113 0.0106113 0.0106113
1.365 0.6 0.24139 0.24139 0.24139 0.24139 0.00860966 0.00860966 0.00860966 0.00860966
1.365 0.8 0.241836 0.241836 0.241836 0.241836 0.00816381 0.00816381 0.00816381 0.00816381
1.365 1 0.241286 0.241286 0.241286 0.241286 0.00871355 0.00871355 0.00871355 0.00871355
1.365 1.2 0.240164 0.240164 0.240164 0.240164 0.00983579 0.00983579 0.00983579 0.00983579
1.365 1.4 0.23881 0.23881 0.23881 0.23881 0.0111905 0.0111905 0.0111905 0.0111905
1.365 1.6 0.237606 0.237606 0.237606 0.237606 0.0123936 0.0123936 0.0123936 0.0123936
1.365 1.8 0.236896 0.236896 0.236896 0.236896 0.0131037 0.0131037 0.0131037 0.0131037
1.365 2 0.236896 0.236896 0.236896 0.236896 0.0131037 0.0131037 0.0131037 0.0131037
1.365 2.2 0.237606 0.237606 0.237606 0.237606 0.0123936 0.0123936 0.0123936 0.0123936
1.365 2.4 0.23881 0.23881 0.23881 0.23881 0.0111905 0.0111905 0.0111905 0.0111905
1.365 2.6 0.240164 0.240164 0.240164 0.240164 0.00983579 0.00983579 0.00983579 0.00983579
1.365 2.8 0.241286 0.241286 0.241286 0.241286 0.00871355 0.00871355 0.00871355 0.00871355
1.365 3 0.241836 0.241836 0.241836 0.241836 0.00816381 0.00816381 0.00816381 0.00816381
1.365 3.2 0.24139 0.24139 0.24139 0.24139 0.00860966 0.00860966 0.00860966 0.00860966
1.365 3.4 0.239389 0.239389 0.239389 0.239389 0.0106113 0.0106113 0.0106113 0.0106113
1.365 3.6 0.234479 0.234479 0.234479 0.234479 0.0155205 0.0155205 0.0155205 0.0155205
1.365 3.8 0.226274 0.226274 0.226274 0.226274 0.0237255 0.0237255 0.0237255 0.0237255
1.56 0 0.226274 0.226274 0.226274 0.226274 0.0237255 0.0237255 0.0237255 0.0237255
1.56 0.2 0.234479 0.234479 0.234479 0.234479 0.0155205 0.0155205 0.0155205 0.0155205
1.56 0.4 0.239389 0.239389 0.239389 0.239389 0.0106113 0.0106113 0.0106113 0.0106113
1.56 0.6 0.24139 0.24139 0.24139 0.24139 0.00860966 0.00860966 0.00860966 0.00860966
1.56 0.8 0.241836 0.241836 0.241836 0.241836 0.00816381 0.00816381 0.00816381 0.00816381
1.56 1 0.241286 0.241286 0.241286 0.241286 0.00871355 0.00871355 0.00871355 0.00871355
1.56 1.2 0.240164 0.240164 0.240164 0.240164 0.00983579 0.00983579 0.00983579 0.00983579
1.56 1.4 0.23881 0.23881 0.23881 0.23881 0.0111905 0.0111905 0.0111905 0.0111905
1.56 1.6 0.237606 0.237606 0.237606 0.237606 0.0123936 0.0123936 0.0123936 0.0123936
1.56 1.8 0.236896 0.236896 0.236896 0.236896 0.0131037 0.0131037 0.0131037 0.0131037
1.56 2 0.236896 0.236896 0.236896 0.236896 0.0131037 0.0131037 0.0131037 0.0131037
1.56 2.2 0.237606 0.237606 0.237606 0.237606 0.0123936 0.0123936 0.0123936 0.0123936
1.56 2.4 0.23881 0.23881 0.23881 0.23881 0.0111905 0.0111905 0.0111905 0.0111905
1.56 2.6 0.240164 0.240164 0.240164 0.240164 0.00983579 0.00983579 0.00983579 0.00983579
1.56 2.8 0.241286 0.241286 0.241286 0.241286 0.00871355 0.00871355 0.00871355 0.00871355
1.56 3 0.241836 0.241836 0.241836 0.241836 0.00816381 0.00816381 0.00816381 0.00816381
1.56 3.2 0.24139 0.24139 0.24139 0.24139 0.00860966 0.00860966 0.00860966 0.00860966
1.56 3.4 0.239389 0.239389 0.239389 0.239389 0.0106113 0.0106113 0.0106113 0.0106113
1.56 3.6 0.234479 0.234479 0.234479 0.234479 0.0155205 0.0155205 0.0155205 0.0155205
1.56 3.8 0.226274 0.226274 0.226274 0.226274 0.0237255 0.0237255 0.0237255 0.0237255
1.755 0 0.226274 0.226274 0.226274 0.226274 0.0237255 0.0237255 0.0237255 0.0237255
1.755 0.2 0.234479 0.234479 0.234479 0.234479 0.0155205 0.0155205 0.0155205 0.0155205
1.755 0.4 0.239389 0.239389 0.239389 0.239389 0.0106113 0.0106113 0.0106113 0.0106113
1.755 0.6 0.24139 0.24139 0.24139 0.24139 0.00860966 0.00860966 0.00860966 0.00860966
1.755 0.8 0.241836 0.241836 0.241836 0.241836 0.00816381 0.00816381 0.00816381 0.00816381
1.755 1 0.241286 0.241286 0.241286 0.241286 0.00871355 0.00871355 0.00871355 0.00871355
1.755 1.2 0.240164 0.240164 0.240164 0.240164 0.00983579 0.00983579 0.00983579 0.00983579
1.755 1.4 0.23881 0.23881 0.23881 0.23881 0.0111905 0.0111905 0.0111905 0.0111905
1.755 1.6 0.237606 0.237606 0.237606 0.237606 0.0123936 0.0123936 0.0123936 0.0123936
1.755 1.8 0.236896 0.236896 0.236896 0.236896 0.0131037 0.0131037 0.0131037 0.0131037
1.755 2 0.236896 0.236896 0.236896 0.236896 0.0131037 0.0131037 0.0131037 0.0131037
1.755 2.2 0.237606 0.237606 0.237606 0.237606 0.0123936 0.0123936 0.0123936 0.0123936
1.755 2.4 0.23881 0.23881 0.23881 0.23881 0.0111905 0.0111905 0.0111905 0.0111905
1.755 2.6 0.240164 0.240164 0.240164 0.240164 0.00983579 0.00983579 0.00983579 0.00983579
1.755 2.8 0.241286 0.241286 0.241286 0.241286 0.00871355 0.00871355 0.00871355 0.00871355
1.755 3 0.241836 0.241836 0.241836 0.241836 0.00816381 0.00816381 0.00816381 0.00816381
1.755 3.2 0.24139 0.24139 0.24139 0.24139 0.00860966 0.00860966 0.00860966 0.00860966
1.755 3.4 0.239389 0.239389 0.239389 0.239389 0.0106113 0.0106113 0.0106113 0.0106113
1.755 3.6 0.234479 0.234479 0.234479 0.234479 0.0155205 0.0155205 0.0155205 0.0155205
1.755 3.8 0.226274 0.226274 0.226274 0.226274 0.0237255 0.0237255 0.0237255 0.0237255
1.95 0 0.226274 0.226274 0.226274 0.226274 0.0237255 0.0237255 0.0237255 0.0237255
1.95 0.2 0.234479 0.234479 0.234479 0.234479 0.0155205 0.0155205 0.0155205 0.0155205
1.95 0.4 0.239389 0.239389 0.239389 0.239389 0.0106113 0.0106113 0.0106113 0.0106113
1.95 0.6 0.24139 0.24139 0.24139 0.24139 0.00860966 0.00860966 0.00860966 0.00860966
1.95 0.8 0.241836 0.241836 0.241836 0.241836 0.00816381 0.00816381 0.00816381 0.00816381
1.95 1 0.241286 0.241286 0.241286 0.241286 0.00871355 0.00871355 0.00871355 0.00871355
1.95 1.2 0.240164 0.240164 0.240164 0.240164 0.00983579 0.00983579 0.00983579 0.00983579
1.95 1.4 0.23881 0.23881 0.23881 0.23881 0.0111905 0.0111905 0.0111905 0.0111905
1.95 1.6 0.237606 0.237606 0.237606 0.237606 0.0123936 0.0123936 0.0123936 0.0123936
1.95 1.8 0.236896 0.236896 0.236896 0.236896 0.0131037 0.0131037 0.0131037 0.0131037
1.95 2 0.236896 0.236896 0.236896 0.236896 0.0131037 0.0131037 0.0131037 0.0131037
1.95 2.2 0.237606 0.237606 0.237606 0.237606 0.0123936 0.0123936 0.0123936 0.0123936
1.95 2.4 0.23881 0.23881 0.23881 0.23881 0.0111905 0.0111905 0.0111905 0.0111905
1.95 2.6 0.240164 0.240164 0.240164 0.240164 0.00983579 0.00983579 0.00983579 0.00983579
1.95 2.8 0.241286 0.241286 0.241286 0.241286 0.00871355 0.00871355 0.00871355 0.00871355
1.95 3 0.241836 0.241836 0.241836 0.241836 0.00816381 0.00816381 0.00816381 0.00816381
1.95 3.2 0.24139 0.24139 0.24139 0.24139 0.00860966 0.00860966 0.00860966 0.00860966
1.95 3.4 0.239389 0.239389 0.239389 0.239389 0.0106113 0.0106113 0.0106113 0.0106113
1.95 3.6 0.234479 0.234479 0.234479 0.234479 0.0155205 0.0155205 0.0155205 0.0155205
1.95 3.8 0.226274 0.226274 0.226274 0.226274 0.0237255 0.0237255 0.0237255 0.0237255
2.145 0 0.226274 0.226274 0.226274 0.226274 0.0237255 0.0237255 0.0237255 0.0237255
2.145 0.2 0.234479 0.234479 0.234479 0.234479 0.0155205 0.0155205 0.0155205 0.0155205
2.145 0.4 0.239389 0.239389 0.239389 0.239389 0.0106113 0.0106113 0.0106113 0.0106113
2.145 0.6 0.24139 0.24139 0.24139 0.24139 0.00860966 0.00860966 0.00860966 0.00860966
2.145 0.8 0.241836 0.241836 0.241836 0.241836 0.00816381 0.00816381 0.00816381 0.00816381
2.145 1 0.241286 0.241286 0.241286 0.241286 0.00871355 0.00871355 0.00871355 0.00871355
2.145 1.2 0.240164 0.240164 0.240164 0.240164 0.00983579 0.00983579 0.00983579 0.00983579
2.145 1.4 0.23881 0.23881 0.23881 0.23881 0.0111905 0.0111905 0.0111905 0.0111905
2.145 1.6 0.237606 0.237606 0.237606 0.237606 0.0123936 0.0123936 0.0123936 0.0123936
2.145 1.8 0.236896 0.236896 0.236896 0.236896 0.0131037 0.0131037 0.0131037 0.0131037
2.145 2 0.236896 0.236896 0.236896 0.236896 0.0131037 0.0131037 0.0131037 0.0131037
2.145 2.2 0.237606 0.237606 0.237606 0.237606 0.0123936 0.0123936 0.0123936 0.0123936
2.145 2.4 0.23881 0.23881 0.23881 0.23881 0.0111905 0.0111905 0.0111905 0.0111905
2.145 2.6 0.240164 0.240164 0.240164 0.240164 0.00983579 0.00983579 0.00983579 0.00983579
2.145 2.8 0.241286 0.241286 0.241286 0.241286 0.00871355 0.00871355 0.00871355 0.00871355
2.145 3 0.241836 0.241836 0.241836 0.241836 0.00816381 0.00816381 0.00816381 0.00816381
2.145 3.2 0.24139 0.24139 0.24139 0.24139 0.00860966 0.00860966 0.00860966 0.00860966
2.145 3.4 0.239389 0.239389 0.239389 0.239389 0.0106113 0.0106113 0.0106113 0.0106113
2.145 3.6 0.234479 0.234479 0.234479 0.234479 0.0155205 0.0155205 0.0155205 0.0155205
2.145 3.8 0.226274 0.226274 0.226274 0.226274 0.0237255 0.0237255 0.0237255 0.0237255
2.34 0 0.226274 0.226274 0.226274 0.226274 0.0237255 0.0237255 0.0237255 0.0237255
2.34 0.2 0.234479 0.234479 0.234479 0.234479 0.0155205 0.0155205 0.0155205 0.0155205
2.34 0.4 0.239389 0.239389 0.239389 0.239389 0.0106113 0.0106113 0.0106113 0.0106113
2.34 0.6 0.24139 0.24139 0.24139 0.24139 0.00860966 0.00860966 0.00860966 0.00860966
2.34 0.8 0.241836 0.241836 0.241836 0.241836 0.00816381 0.00816381 0.00816381 0.00816381
2.34 1 0.241286 0.241286 0.241286 0.241286 0.00871355 0.00871355 0.00871355 0.00871355
2.34 1.2 0.240164 0.240164 0.240164 0.240164 0.00983579 0.00983579 0.00983579 0.00983579
2.34 1.4 0.23881 0.23881 0.23881 0.23881 0.0111905 0.0111905 0.0111905 0.0111905
2.34 1.6 0.237606 0.237606 0.237606 0.237606 0.0123936 0.0123936 0.0123936 0.0123936
2.34 1.8 0.236896 0.236896 0.236896 0.236896 0.0131037 0.0131037 0.0131037 0.0131037
2.34 2 0.236896 0.236896 0.236896 0.236896 0.0131037 0.0131037 0.0131037 0.0131037
2.34 2.2 0.237606 0.237606 0.237606 0.237606 0.0123936 0.0123936 0.0123936 0.0123936
2.34 2.4 0.23881 0.23881 0.23881 0.23881 0.0111905 0.0111905 0.0111905 0.0111905
2.34 2.6 0.240164 0.240164 0.240164 0.240164 0.00983579 0.00983579 0.00983579 0.00983579
2.34 2.8 0.241286 0.241286 0.241286 0.241286 0.00871355 0.00871355 0.00871355 0.00871355
2.34 3 0.241836 0.241836 0.241836 0.241836 0.00816381 0.00816381 0.00816381 0.00816381
2.34 3.2 0.24139 0.24139 0.24139 0.24139 0.00860966 0.00860966 0.00860966 0.00860966
2.34 3.4 0.239389 0.239389 0.239389 0.239389 0.0106113 0.0106113 0.0106113 0.0106113
2.34 3.6 0.234479 0.234479 0.234479 0.234479 0.0155205 0.0155205 0.0155205 0.0155205
2.34 3.8 0.226274 0.226274 0.226274 0.226274 0.0237255 0.0237255 0.0237255 0.0237255
2.535 0 0.226274 0.226274 0.226274 0.226274 0.0237255 0.0237255 0.0237255 0.0237255
2.535 0.2 0.234479 0.234479 0.234479 0.234479 0.0155205 0.0155205 0.0155205 0.0155205
2.535 0.4 0.239389 0.239389 0.239389 0.239389 0.0106113 0.0106113 0.0106113 0.0106113
2.535 0.6 0.24139 0.24139 0.24139 0.24139 0.00860966 0.00860966 0.00860966 0.00860966
2.535 0.8 0.241836 0.241836 0.241836 0.241836 0.00816381 0.00816381 0.00816381 0.00816381
2.535 1 0.241286 0.241286 0.241286 0.241286 0.00871355 0.00871355 0.00871355 0.00871355
2.535 1.2 0.240164 0.240164 0.240164 0.240164 0.00983579 0.00983579 0.00983579 0.00983579
2.535 1.4 0.23881 0.23881 0.23881 0.23881 0.0111905 0.0111905 0.0111905 0.0111905
2.535 1.6 0.237606 0.237606 0.237606 0.237606 0.0123936 0.0123936 0.0123936 0.0123936
2.535 1.8 0.236896 0.236896 0.236896 0.236896 0.0131037 0.0131037 0.0131037 0.0131037
2.535 2 0.236896 0.236896 0.236896 0.236896 0.0131037 0.0131037 0.0131037 0.0131037
2.535 2.2 0.237606 0.237606 0.237606 0.237606 0.0123936 0.0123936 0.0123936 0.0123936
2.535 2.4 0.23881 0.23881 0.23881 0.23881 0.0111905 0.0111905 0.0111905 0.0111905
2.535 2.6 0.240164 0.240164 0.240164 0.240164 0.00983579 0.00983579 0.00983579 0.00983579
2.535 2.8 0.241286 0.241286 0.241286 0.241286 0.00871355 0.00871355 0.00871355 0.00871355
2.535 3 0.241836 0.241836 0.241836 0.241836 0.00816381 0.00816381 0.00816381 0.00816381
2.535 3.2 0.24139 0.24139 0.24139 0.24139 0.00860966 0.00860966 0.00860966 0.00860966
2.535 3.4 0.239389 0.239389 0.239389 0.239389 0.0106113 0.0106113 0.0106113 0.0106113
2.535 3.6 0.234479 0.234479 0.234479 0.234479 0.0155205 0.0155205 0.0155205 0.0155205
2.535 3.8 0.226274 0.226274 0.226274 0.226274 0.0237255 0.0237255 0.0237255 0.0237255
2.73 0 0.226274 0.226274 0.226274 0.226274 0.0237255 0.0237255 0.0237255 0.0237255
2.73 0.2 0.234479 0.234479 0.234479 0.234479 0.0155205 0.0155205 0.0155205 0.0155205
2.73 0.4 0.239389 0.239389 0.239389 0.239389 0.0106113 0.0106113 0.0106113 0.0106113
2.73 0.6 0.24139 0.24139 0.24139 0.24139 0.00860966 0.00860966 0.00860966 0.00860966
2.73 0.8 0.241836 0.241836 0.241836 0.241836 0.00816381 0.00816381 0.00816381 0.00816381
2.73 1 0.241286 0.241286 0.241286 0.241286 0.00871355 0.00871355 0.00871355 0.00871355
2.73 1.2 0.240164 0.240164 0.240164 0.240164 0.00983579 0.00983579 0.00983579 0.00983579
2.73 1.4 0.23881 0.23881 0.23881 0.23881 0.0111905 0.0111905 0.0111905 0.0111905
2.73 1.6 0.237606 0.237606 0.237606 0.237606 0.0123936 0.0123936 0.0123936 0.0123936
2.73 1.8 0.236896 0.236896 0.236896 0.236896 0.0131037 0.0131037 0.0131037 0.0131037
2.73 2 0.236896 0.236896 0.236896 0.236896 0.0131037 0.0131037 0.0131037 0.0131037
2.73 2.2 0.237606 0.237606 0.237606 0.237606 0.0123936 0.0123936 0.0123936 0.0123936
2.73 2.4 0.23881 0.23881 0.23881 0.23881 0.0111905 0.0111905 0.0111905 0.0111905
2.73 2.6 0.240164 0.240164 0.240164 0.240164 0.00983579 0.00983579 0.00983579 0.00983579
2.73 2.8 0.241286 0.241286 0.241286 0.241286 0.00871355 0.00871355 0.00871355 0.00871355
2.73 3 0.241836 0.241836 0.241836 0.241836 0.00816381 0.00816381 0.00816381 0.00816381
2.73 3.2 0.24139 0.24139 0.24139 0.24139 0.00860966 0.00860966 0.00860966 0.00860966
2.73 3.4 0.239389 0.239389 0.239389 0.239389 0.0106113 0.0106113 0.0106113 0.0106113
2.73 3.6 0.234479 0.234479 0.234479 0.234479 0.0155205 0.0155205 0.0155205 0.0155205
2.73 3.8 0.226274 0.226274 0.226274 0.226274 0.0237255 0.0237255 0.0237255 0.0237255
2.925 0 0.226274 0.226274 0.226274 0.226274 0.0237255 0.0237255 0.0237255 0.0237255
2.925 0.2 0.234479 0.234479 0.234479 0.234479 0.0155205 0.0155205 0.0155205 0.0155205
2.925 0.4 0.239389 0.239389 0.239389 0.239389 0.0106113 0.0106113 0.0106113 0.0106113
2.925 0.6 0.24139 0.24139 0.24139 0.24139 0.00860966 0.00860966 0.00860966 0.00860966
2.925 0.8 0.241836 0.241836 0.241836 0.241836 0.00816381 0.00816381 0.00816381 0.00816381
2.925 1 0.241286 0.241286 0.241286 0.241286 0.00871355 0.00871355 0.00871355 0.00871355
2.925 1.2 0.240164 0.240164 0.240164 0.240164 0.00983579 0.00983579 0.00983579 0.00983579
2.925 1.4 0.23881 0.23881 0.23881 0.23881 0.0111905 0.0111905 0.0111905 0.0111905
2.925 1.6 0.237606 0.237606 0.237606 0.237606 0.0123936 0.0123936 0.0123936 0.0123936
2.925 1.8 0.236896 0.236896 0.236896 0.236896 0.0131037 0.0131037 0.0131037 0.0131037
2.925 2 0.236896 0.236896 0.236896 0.236896 0.0131037 0.0131037 0.0131037 0.0131037
2.925 2.2 0.237606 0.237606 0.237606 0.237606 0.0123936 0.0123936 0.0123936 0.0123936
2.925 2.4 0.23881 0.23881 0.23881 0.23881 0.0111905 0.0111905 0.0111905 0.0111905
2.925 2.6 0.240164 0.240164 0.240164 0.240164 0.00983579 0.00983579 0.00983579 0.00983579
2.925 2.8 0.241286 0.241286 0.241286 0.241286 0.00871355 0.00871355 0.00871355 0.00871355
2.925 3 0.241836 0.241836 0.241836 0.241836 0.00816381 0.00816381 0.00816381 0.00816381
2.925 3.2 0.24139 0.24139 0.24139 0.24139 0.00860966 0.00860966 0.00860966 0.00860966
2.925 3.4 0.239389 0.239389 0.239389 0.239389 0.0106113 0.0106113 0.0106113 0.0106113
2.925 3.6 0.234479 0.234479 0.234479 0.234479 0.0155205 0.0155205 0.0155205 0.0155205
2.925 3.8 0.226274 0.226274 0.226274 0.226274 0.0237255 0.0237255 0.0237255 0.0237255
3.12 0 0.226274 0.226274 0.226274 0.226274 0.0237255 0.0237255 0.0237255 0.0237255
3.12 0.2 0.234479 0.234479 0.234479 0.234479 0.0155205 0.0155205 0.0155205 0.0155205
3.12 0.4 0.239389 0.239389 0.239389 0.239389 0.0106113 0.0106113 0.0106113 0.0106113
3.12 0.6 0.24139 0.24139 0.24139 0.24139 0.00860966 0.00860966 0.00860966 0.00860966
3.12 0.8 0.241836 0.241836 0.241836 0.241836 0.00816381 0.00816381 0.00816381 0.00816381
3.12 1 0.241286 0.241286 0.241286 0.241286 0.00871355 0.00871355 0.00871355 0.00871355
3.12 1.2 0.240164 0.240164 0.240164 0.240164 0.00983579 0.00983579 0.00983579 0.00983579
3.12 1.4 0.23881 0.23881 0.23881 0.23881 0.0111905 0.0111905 0.0111905 0.0111905
3.12 1.6 0.237606 0.237606 0.237606 0.237606 0.0123936 0.0123936 0.0123936 0.0123936
3.12 1.8 0.236896 0.236896 0.236896 0.236896 0.0131037 0.0131037 0.0131037 0.0131037
3.12 2 0.236896 0.236896 0.236896 0.236896 0.0131037 0.0131037 0.0131037 0.0131037
3.12 2.2 0.237606 0.237606 0.237606 0.237606 0.0123936 0.0123936 0.0123936 0.0123936
3.12 2.4 0.23881 0.23881 0.23881 0.23881 0.0111905 0.0111905 0.0111905 0.0111905
3.12 2.6 0.240164 0.240164 0.240164 0.240164 0.00983579 0.00983579 0.00983579 0.00983579
3.12 2.8 0.241286 0.241286 0.241286 0.241286 0.00871355 0.00871355 0.00871355 0.00871355
3.12 3 0.241836 0.241836 0.241836 0.241836 0.00816381 0.00816381 0.00816381 0.00816381
3.12 3.2 0.24139 0.24139 0.24139 0.24139 0.00860966 0.00860966 0.00860966 0.00860966
3.12 3.4 0.239389 0.239389 0.239389 0.239389 0.0106113 0.0106113 0.0106113 0.0106113
3.12 3.6 0.234479 0.234479 0.234479 0.234479 0.0155205 0.0155205 0.0155205 0.0155205
3.12 3.8 0.226274 0.226274 0.226274 0.226274 0.0237255 0.0237255 0.0237255 0.0237255
3.315 0 0.226274 0.226274 0.226274 0.226274 0.0237255 0.0237255 0.0237255 0.0237255
3.315 0.2 0.234479 0.234479 0.234479 0.234479 0.0155205 0.0155205 0.0155205 0.0155205
3.315 0.4 0.239389 0.239389 0.239389 0.239389 0.0106113 0.0106113 0.0106113 0.0106113
3.315 0.6 0.24139 0.24139 0.24139 0.24139 0.00860966 0.00860966 0.00860966 0.00860966
3.315 0.8 0.241836 0.241836 0.241836 0.241836 0.00816381 0.00816381 0.00816381 0.00816381
3.315 1 0.241286 0.241286 0.241286 0.241286 0.00871355 0.00871355 0.00871355 0.00871355
3.315 1.2 0.240164 0.240164 0.240164 0.240164 0.00983579 0.00983579 0.00983579 0.00983579
3.315 1.4 0.23881 0.23881 0.23881 0.23881 0.0111905 0.0111905 0.0111905 0.0111905
3.315 1.6 0.237606 0.237606 0.237606 0.237606 0.0123936 0.0123936 0.0123936 0.0123936
3.315 1.8 0.236896 0.236896 0.236896 0.236896 0.0131037 0.0131037 0.0131037 0.0131037
3.315 2 0.236896 0.236896 0.236896 0.236896 0.0131037 0.0131037 0.0131037 0.0131037
3.315 2.2 0.237606 0.237606 0.237606 0.237606 0.0123936 0.0123936 0.0123936 0.0123936
3.315 2.4 0.23881 0.23881 0.23881 0.23881 0.0111905 0.0111905 0.0111905 0.0111905
3.315 2.6 0.240164 0.240164 0.240164 0.240164 0.00983579 0.00983579 0.00983579 0.00983579
3.315 2.8 0.241286 0.241286 0.241286 0.241286 0.00871355 0.00871355 0.00871355 0.00871355
3.315 3 0.241836 0.241836 0.241836 0.241836 0.00816381 0.00816381 0.00816381 0.00816381
3.315 3.2 0.24139 0.24139 0.24139 0.24139 0.00860966 0.00860966 0.00860966 0.00860966
3.315 3.4 0.239389 0.239389 0.239389 0.239389 0.0106113 0.0106113 0.0106113 0.0106113
3.315 3.6 0.234479 0.234479 0.234479 0.234479 0.0155205 0.0155205 0.0155205 0.0155205
3.315 3.8 0.226274 0.226274 0.226274 0.226274 0.0237255 0.0237255 0.0237255 0.0237255
3.51 0 0.226274 0.226274 0.226274 0.226274 0.0237255 0.0237255 0.0237255 0.0237255
3.51 0.2 0.234479 0.234479 0.234479 0.234479 0.0155205 0.0155205 0.0155205 0.0155205
3.51 0.4 0.239389 0.239389 0.239389 0.239389 0.0106113 0.0106113 0.0106113 0.0106113
3.51 0.6 0.24139 0.24139 0.24139 0.24139 0.00860966 0.00860966 0.00860966 0.00860966
3.51 0.8 0.241836 0.241836 0.241836 0.241836 0.00816381 0.00816381 0.00816381 0.00816381
3.51 1 0.241286 0.241286 0.241286 0.241286 0.00871355 0.00871355 0.00871355 0.00871355
3.51 1.2 0.240164 0.240164 0.240164 0.240164 0.00983579 0.00983579 0.00983579 0.00983579
3.51 1.4 0.23881 0.23881 0.23881 0.23881 0.0111905 0.0111905 0.0111905 0.0111905
3.51 1.6 0.237606 0.237606 0.237606 0.237606 0.0123936 0.0123936 0.0123936 0.0123936
3.51 1.8 0.236896 0.236896 0.236896 0.236896 0.0131037 0.0131037 0.0131037 0.0131037
3.51 2 0.236896 0.236896 0.236896 0.236896 0.0131037 0.0131037 0.0131037 0.0131037
3.51 2.2 0.237606 0.237606 0.237606 0.237606 0.0123936 0.0123936 0.0123936 0.0123936
3.51 2.4 0.23881 0.23881 0.23881 0.23881 0.0111905 0.0111905 0.0111905 0.0111905
3.51 2.6 0.240164 0.240164 0.240164 0.240164 0.00983579 0.00983579 0.00983579 0.00983579
3.51 2.8 0.241286 0.241286 0.241286 0.241286 0.00871355 0.00871355 0.00871355 0.00871355
3.51 3 0.241836 0.241836 0.241836 0.241836 0.00816381 0.00816381 0.00816381 0.00816381
3.51 3.2 0.24139 0.24139 0.24139 0.24139 0.00860966 0.00860966 0.00860966 0.00860966
3.51 3.4 0.239389 0.239389 0.239389 0.239389 0.0106113 0.0106113 0.0106113 0.0106113
3.51 3.6 0.234479 0.234479 0.234479 0.234479 0.0155205 0.0155205 0.0155205 0.0155205
3.51 3.8 0.226274 0.226274 0.226274 0.226274 0.0237255 0.0237255 0.0237255 0.0237255
3.705 0 0.226274 0.226274 0.226274 0.226274 0.0237255 0.0237255 0.0237255 0.0237255
3.705 0.2 0.234479 0.234479 0.234479 0.234479 0.0155205 0.0155205 0.0155205 0.0155205
3.705 0.4 0.239389 0.239389 0.239389 0.239389 0.0106113 0.0106113 0.0106113 0.0106113
3.705 0.6 0.24139 0.24139 0.24139 0.24139 0.00860966 0.00860966 0.00860966 0.00860966
3.705 0.8 0.241836 0.241836 0.241836 0.241836 0.00816381 0.00816381 0.00816381 0.00816381
3.705 1 0.241286 0.241286 0.241286 0.241286 0.00871355 0.00871355 0.00871355 0.00871355
3.705 1.2 0.240164 0.240164 0.240164 0.240164 0.00983579 0.00983579 0.00983579 0.00983579
3.705 1.4 0.23881 0.23881 0.23881 0.23881 0.0111905 0.0111905 0.0111905 0.0111905
3.705 1.6 0.237606 0.237606 0.237606 0.237606 0.0123936 0.0123936 0.0123936 0.0123936
3.705 1.8 0.236896 0.236896 0.236896 0.236896 0.0131037 0.0131037 0.0131037 0.0131037
3.705 2 0.236896 0.236896 0.236896 0.236896 0.0131037 0.0131037 0.0131037 0.0131037
3.705 2.2 0.237606 0.237606 0.237606 0.237606 0.0123936 0.0123936 0.0123936 0.0123936
3.705 2.4 0.23881 0.23881 0.23881 0.23881 0.0111905 0.0111905 0.0111905 0.0111905
3.705 2.6 0.240164 0.240164 0.240164 0.240164 0.00983579 0.00983579 0.00983579 0.00983579
3.705 2.8 0.241286 0.241286 0.241286 0.241286 0.00871355 0.00871355 0.00871355 0.00871355
3.705 3 0.241836 0.241836 0.241836 0.241836 0.00816381 0.00816381 0.00816381 0.00816381
3.705 3.2 0.24139 0.24139 0.24139 0.24139 0.00860966 0.00860966 0.00860966 0.00860966
3.705 3.4 0.239389 0.239389 0.239389 0.239389 0.0106113 0.0106113 0.0106113 0.0106113
3.705 3.6 0.234479 0.234479 0.234479 0.234479 0.0155205 0.0155205 0.0155205 0.0155205
3.705 3.8 0.226274 0.226274 0.226274 0.226274 0.0237255 0.0237255 0.0237255 0.0237255
