0 0 0.0573888 0.00286757 0.00286757 0.00286757 0.048581 0.00297481 0.00297481 0.00297481
0 0.5675 0.196036 0.00710174 0.00710174 0.00710174 0.121126 0.00722608 0.00722608 0.00722608
0 1.135 0.563075 0.0146072 0.0146072 0.0146072 0.348249 0.0140152 0.0140152 0.0140152
0 1.7025 0.34774 0.00902559 0.00902559 0.00902559 0.598132 0.00906449 0.00906449 0.00906449
0 2.27 0.186485 0.00527622 0.00527622 0.00527622 0.781425 0.00539496 0.00539496 0.00539496
0 2.8375 0.263685 0.00749156 0.00749156 0.00749156 0.691096 0.00761862 0.00761862 0.00761862
0 3.405 0.544524 0.0152751 0.0152751 0.0152751 0.364508 0.0150266 0.0150266 0.0150266
0 3.9725 0.699494 0.0209039 0.0209039 0.0209039 0.17633 0.0204885 0.0204885 0.0204885
0 4.54 0.696104 0.0206916 0.0206916 0.0206916 0.18101 0.0202769 0.0202769 0.0202769
0 5.1075 0.529806 0.014849 0.014849 0.014849 0.381841 0.0146195 0.0146195 0.0146195
0 5.675 0.252893 0.00730637 0.00730637 0.00730637 0.702778 0.00744216 0.00744216 0.00744216
0 6.2425 0.208912 0.00608121 0.00608121 0.00608121 0.754193 0.00623911 0.00623911 0.00623911
0 6.81 0.424141 0.0119769 0.0119769 0.0119769 0.504285 0.011884 0.011884 0.011884
0 7.3775 0.660544 0.0188374 0.0188374 0.0188374 0.227602 0.0184321 0.0184321 0.0184321
0 7.945 0.697591 0.0203034 0.0203034 0.0203034 0.181903 0.019885 0.019885 0.019885
0 8.5125 0.560917 0.0159633 0.0159633 0.0159633 0.344184 0.0156512 0.0156512 0.0156512
0 9.08 0.294912 0.00831689 0.00831689 0.00831689 0.654905 0.00846501 0.00846501 0.00846501
0 9.6475 0.244986 0.00658184 0.00658184 0.00658184 0.712956 0.00653933 0.00653933 0.00653933
0 10.215 0.156933 0.00455382 0.00455382 0.00455382 0.187624 0.00455488 0.00455488 0.00455488
0 10.7825 0.0721737 0.00285484 0.00285484 0.00285484 0.0497508 0.00290243 0.00290243 0.00290243
0.32976 0 0.0588248 0.00285657 0.00285657 0.00285657 0.0489174 0.00295673 0.00295673 0.00295673
0.32976 0.5675 0.192935 0.00676249 0.00676249 0.00676249 0.12935 0.00687443 0.00687443 0.00687443
0.32976 1.135 0.522634 0.0134841 0.0134841 0.0134841 0.39521 0.012966 0.012966 0.012966
0.32976 1.7025 0.31314 0.00813776 0.00813776 0.00813776 0.637927 0.00821782 0.00821782 0.00821782
0.32976 2.27 0.171722 0.00484683 0.00484683 0.00484683 0.798774 0.00496241 0.00496241 0.00496241
0.32976 2.8375 0.232636 0.00661298 0.00661298 0.00661298 0.727346 0.00676267 0.00676267 0.00676267
0.32976 3.405 0.477395 0.0134061 0.0134061 0.0134061 0.442606 0.0132476 0.0132476 0.0132476
0.32976 3.9725 0.647832 0.0186715 0.0186715 0.0186715 0.241173 0.0183201 0.0183201 0.0183201
0.32976 4.54 0.643605 0.0184355 0.0184355 0.0184355 0.246864 0.0180872 0.0180872 0.0180872
0.32976 5.1075 0.462825 0.0129314 0.0129314 0.0129314 0.459995 0.0127974 0.0127974 0.0127974
0.32976 5.675 0.223281 0.00642785 0.00642785 0.00642785 0.737618 0.00658031 0.00658031 0.00658031
0.32976 6.2425 0.186641 0.00542341 0.00542341 0.00542341 0.780399 0.00558103 0.00558103 0.00558103
0.32976 6.81 0.363199 0.0103182 0.0103182 0.0103182 0.574923 0.0103231 0.0103231 0.0103231
0.32976 7.3775 0.596541 0.0167576 0.0167576 0.0167576 0.303904 0.0164134 0.0164134 0.0164134
0.32976 7.945 0.638551 0.0180363 0.0180363 0.0180363 0.254366 0.0176813 0.0176813 0.0176813
0.32976 8.5125 0.490295 0.013891 0.013891 0.013891 0.426913 0.0136836 0.0136836 0.0136836
0.32976 9.08 0.262977 0.00737718 0.00737718 0.00737718 0.692397 0.0075508 0.0075508 0.0075508
0.32976 9.6475 0.238369 0.00635901 0.00635901 0.00635901 0.720897 0.00631901 0.00631901 0.00631901
0.32976 10.215 0.156707 0.00452561 0.00452561 0.00452561 0.188305 0.00452524 0.00452524 0.00452524
0.32976 10.7825 0.0720443 0.00284725 0.00284725 0.00284725 0.0498543 0.00289489 0.00289489 0.00289489
0.659519 0 0.0613015 0.00283921 0.00283921 0.00283921 0.0494291 0.00292779 0.00292779 0.00292779
0.659519 0.5675 0.186311 0.00619591 0.00619591 0.00619591 0.143693 0.00628388 0.00628388 0.00628388
0.659519 1.135 0.449061 0.0115282 0.0115282 0.0115282 0.480102 0.0111486 0.0111486 0.0111486
0.659519 1.7025 0.259992 0.00677593 0.00677593 0.00677593 0.699101 0.00690234 0.00690234 0.00690234
0.659519 2.27 0.151383 0.00425977 0.00425977 0.00425977 0.822665 0.00436566 0.00436566 0.00436566
0.659519 2.8375 0.189348 0.00539254 0.00539254 0.00539254 0.777917 0.00554956 0.00554956 0.00554956
0.659519 3.405 0.360851 0.0102303 0.0102303 0.0102303 0.577745 0.0102492 0.0102492 0.0102492
0.659519 3.9725 0.523464 0.0147626 0.0147626 0.0147626 0.388606 0.0145394 0.0145394 0.0145394
0.659519 4.54 0.517632 0.0144766 0.0144766 0.0144766 0.396161 0.0142628 0.0142628 0.0142628
0.659519 5.1075 0.347489 0.00972197 0.00972197 0.00972197 0.593997 0.00975901 0.00975901 0.00975901
0.659519 5.675 0.181943 0.00521036 0.00521036 0.00521036 0.786291 0.00536111 0.00536111 0.00536111
0.659519 6.2425 0.157832 0.00457334 0.00457334 0.00457334 0.814329 0.00471673 0.00471673 0.00471673
0.659519 6.81 0.273205 0.00783944 0.00783944 0.00783944 0.679462 0.00796155 0.00796155 0.00796155
0.659519 7.3775 0.460936 0.0129682 0.0129682 0.0129682 0.461719 0.0128044 0.0128044 0.0128044
0.659519 7.945 0.501449 0.0139885 0.0139885 0.0139885 0.415276 0.0137852 0.0137852 0.0137852
0.659519 8.5125 0.365127 0.010348 0.010348 0.010348 0.572681 0.0103458 0.0103458 0.0103458
0.659519 9.08 0.217608 0.00604135 0.00604135 0.00604135 0.745745 0.00622563 0.00622563 0.00622563
0.659519 9.6475 0.231471 0.00610247 0.00610247 0.00610247 0.729323 0.00606309 0.00606309 0.00606309
0.659519 10.215 0.156756 0.00450422 0.00450422 0.00450422 0.188799 0.00450271 0.00450271 0.00450271
0.659519 10.7825 0.0716321 0.00283427 0.00283427 0.00283427 0.0500454 0.00288278 0.00288278 0.00288278
0.989279 0 0.0642085 0.00282211 0.00282211 0.00282211 0.0499078 0.00289801 0.00289801 0.00289801
0.989279 0.5675 0.177147 0.00557502 0.00557502 0.00557502 0.160038 0.00563268 0.00563268 0.00563268
0.989279 1.135 0.363865 0.00932526 0.00932526 0.00932526 0.578054 0.00910155 0.00910155 0.00910155
0.989279 1.7025 0.209883 0.0055033 0.0055033 0.0055033 0.756795 0.0056485 0.0056485 0.0056485
0.989279 2.27 0.136855 0.0038485 0.0038485 0.0038485 0.83969 0.00394481 0.00394481 0.00394481
0.989279 2.8375 0.157669 0.0045072 0.0045072 0.0045072 0.814925 0.00464902 0.00464902 0.00464902
0.989279 3.405 0.249903 0.00718433 0.00718433 0.00718433 0.706627 0.0073265 0.0073265 0.0073265
0.989279 3.9725 0.350964 0.00998737 0.00998737 0.00998737 0.589032 0.0100231 0.0100231 0.0100231
0.989279 4.54 0.34286 0.00964213 0.00964213 0.00964213 0.599122 0.00968574 0.00968574 0.00968574
0.989279 5.1075 0.235337 0.00661646 0.00661646 0.00661646 0.724472 0.00675661 0.00675661 0.00675661
0.989279 5.675 0.150461 0.00429082 0.00429082 0.00429082 0.823387 0.00441829 0.00441829 0.00441829
0.989279 6.2425 0.140823 0.00406921 0.00406921 0.00406921 0.834394 0.00419598 0.00419598 0.00419598
0.989279 6.81 0.201691 0.00584485 0.00584485 0.00584485 0.762814 0.00600479 0.00600479 0.00600479
0.989279 7.3775 0.303551 0.00869 0.00869 0.00869 0.644055 0.00876995 0.00876995 0.00876995
0.989279 7.945 0.32458 0.00915715 0.00915715 0.00915715 0.620278 0.00922257 0.00922257 0.00922257
0.989279 8.5125 0.24245 0.00687693 0.00687693 0.00687693 0.715768 0.00701048 0.00701048 0.00701048
0.989279 9.08 0.181803 0.00497393 0.00497393 0.00497393 0.788009 0.00514018 0.00514018 0.00514018
0.989279 9.6475 0.233029 0.0060669 0.0060669 0.0060669 0.727983 0.00602146 0.00602146 0.00602146
0.989279 10.215 0.158002 0.00454778 0.00454778 0.00454778 0.18765 0.00454898 0.00454898 0.00454898
0.989279 10.7825 0.0706987 0.00281944 0.00281944 0.00281944 0.0502842 0.00287059 0.00287059 0.00287059
1.31904 0 0.0669524 0.00281087 0.00281087 0.00281087 0.0502075 0.00287552 0.00287552 0.00287552
1.31904 0.5675 0.168077 0.00505413 0.00505413 0.00505413 0.173977 0.00508396 0.00508396 0.00508396
1.31904 1.135 0.293603 0.00753451 0.00753451 0.00753451 0.658761 0.00741887 0.00741887 0.00741887
1.31904 1.7025 0.177405 0.00470389 0.00470389 0.00470389 0.794085 0.00484777 0.00484777 0.00484777
1.31904 2.27 0.138576 0.00390891 0.00390891 0.00390891 0.837586 0.0040113 0.0040113 0.0040113
1.31904 2.8375 0.155812 0.00446632 0.00446632 0.00446632 0.817012 0.00460562 0.00460562 0.00460562
1.31904 3.405 0.193587 0.00562295 0.00562295 0.00562295 0.772234 0.00577766 0.00577766 0.00577766
1.31904 3.9725 0.223678 0.00645637 0.00645637 0.00645637 0.737152 0.00661455 0.00661455 0.00661455
1.31904 4.54 0.210404 0.00598782 0.00598782 0.00598782 0.753194 0.00614069 0.00614069 0.00614069
1.31904 5.1075 0.167109 0.00472535 0.00472535 0.00472535 0.804115 0.00485858 0.00485858 0.00485858
1.31904 5.675 0.143213 0.00407048 0.00407048 0.00407048 0.832007 0.00418733 0.00418733 0.00418733
1.31904 6.2425 0.15163 0.00436159 0.00436159 0.00436159 0.821801 0.00449619 0.00449619 0.00449619
1.31904 6.81 0.178542 0.00519712 0.00519712 0.00519712 0.789835 0.00535403 0.00535403 0.00535403
1.31904 7.3775 0.206988 0.00600511 0.00600511 0.00600511 0.756512 0.00615761 0.00615761 0.00615761
1.31904 7.945 0.202165 0.00576184 0.00576184 0.00576184 0.762804 0.00591767 0.00591767 0.00591767
1.31904 8.5125 0.16787 0.00474712 0.00474712 0.00474712 0.803168 0.00487621 0.00487621 0.00487621
1.31904 9.08 0.168122 0.00452307 0.00452307 0.00452307 0.804454 0.0046704 0.0046704 0.0046704
1.31904 9.6475 0.251812 0.00649557 0.00649557 0.00649557 0.706668 0.00643061 0.00643061 0.00643061
1.31904 10.215 0.161506 0.00471861 0.00471861 0.00471861 0.183222 0.00473023 0.00473023 0.00473023
1.31904 10.7825 0.069053 0.00280753 0.00280753 0.00280753 0.0504813 0.00286404 0.00286404 0.00286404
1.6488 0 0.0691266 0.0028081 0.0028081 0.0028081 0.0502909 0.00286432 0.00286432 0.00286432
1.6488 0.5675 0.161325 0.00470824 0.00470824 0.00470824 0.183196 0.00471897 0.00471897 0.00471897
1.6488 1.135 0.250578 0.00646589 0.00646589 0.00646589 0.708071 0.00640158 0.00640158 0.00640158
1.6488 1.7025 0.16821 0.00453061 0.00453061 0.00453061 0.804315 0.00467895 0.00467895 0.00467895
1.6488 2.27 0.169531 0.00480248 0.00480248 0.00480248 0.801178 0.00493371 0.00493371 0.00493371
1.6488 2.8375 0.203147 0.00580245 0.00580245 0.00580245 0.761585 0.00595821 0.00595821 0.00595821
1.6488 3.405 0.206045 0.00598087 0.00598087 0.00598087 0.757592 0.00613223 0.00613223 0.00613223
1.6488 3.9725 0.177182 0.00515026 0.00515026 0.00515026 0.79147 0.00530508 0.00530508 0.00530508
1.6488 4.54 0.150746 0.00432977 0.00432977 0.00432977 0.822881 0.00446177 0.00446177 0.00446177
1.6488 5.1075 0.144436 0.00410213 0.00410213 0.00410213 0.830604 0.00421907 0.00421907 0.00421907
1.6488 5.675 0.171391 0.00484462 0.00484462 0.00484462 0.799139 0.00498092 0.00498092 0.00498092
1.6488 6.2425 0.212432 0.00605574 0.00605574 0.00605574 0.750769 0.00621067 0.00621067 0.00621067
1.6488 6.81 0.21971 0.00635752 0.00635752 0.00635752 0.741674 0.00651892 0.00651892 0.00651892
1.6488 7.3775 0.1885 0.00547662 0.00547662 0.00547662 0.778158 0.00563109 0.00563109 0.00563109
1.6488 7.945 0.153563 0.00439096 0.00439096 0.00439096 0.819709 0.00452702 0.00452702 0.00452702
1.6488 8.5125 0.138575 0.00389909 0.00389909 0.00389909 0.837657 0.00399937 0.00399937 0.00399937
1.6488 9.08 0.179238 0.00474691 0.00474691 0.00474691 0.792005 0.00489131 0.00489131 0.00489131
1.6488 9.6475 0.295952 0.00760197 0.00760197 0.00760197 0.65602 0.00748575 0.00748575 0.00748575
1.6488 10.215 0.167959 0.00506524 0.00506524 0.00506524 0.174075 0.00509732 0.00509732 0.00509732
1.6488 10.7825 0.0666669 0.00280308 0.00280308 0.00280308 0.0505195 0.00286821 0.00286821 0.00286821
1.97856 0 0.0705638 0.00281271 0.00281271 0.00281271 0.0502191 0.00286369 0.00286369 0.00286369
1.97856 0.5675 0.157451 0.004534 0.004534 0.004534 0.187839 0.0045354 0.0045354 0.0045354
1.97856 1.135 0.232284 0.00605821 0.00605821 0.00605821 0.728767 0.0060148 0.0060148 0.0060148
1.97856 1.7025 0.183948 0.00503985 0.00503985 0.00503985 0.785475 0.00520869 0.00520869 0.00520869
1.97856 2.27 0.247517 0.00702631 0.00702631 0.00702631 0.70985 0.00715677 0.00715677 0.00715677
1.97856 2.8375 0.325177 0.00918286 0.00918286 0.00918286 0.619541 0.00924461 0.00924461 0.00924461
1.97856 3.405 0.295584 0.00846971 0.00846971 0.00846971 0.653272 0.00855716 0.00855716 0.00855716
1.97856 3.9725 0.193799 0.00561783 0.00561783 0.00561783 0.772004 0.0057764 0.0057764 0.0057764
1.97856 4.54 0.139337 0.00402327 0.00402327 0.00402327 0.836156 0.00414716 0.00414716 0.00414716
1.97856 5.1075 0.156541 0.00445628 0.00445628 0.00445628 0.816352 0.00458737 0.00458737 0.00458737
1.97856 5.675 0.248457 0.00697508 0.00697508 0.00697508 0.709311 0.00710907 0.00710907 0.00710907
1.97856 6.2425 0.348373 0.00981086 0.00981086 0.00981086 0.592642 0.00984842 0.00984842 0.00984842
1.97856 6.81 0.341413 0.00974369 0.00974369 0.00974369 0.599966 0.00979538 0.00979538 0.00979538
1.97856 7.3775 0.237253 0.00682617 0.00682617 0.00682617 0.721304 0.00697579 0.00697579 0.00697579
1.97856 7.945 0.153043 0.00436528 0.00436528 0.00436528 0.820387 0.00450087 0.00450087 0.00450087
1.97856 8.5125 0.137765 0.00386187 0.00386187 0.00386187 0.838717 0.00395624 0.00395624 0.00395624
1.97856 9.08 0.214284 0.00560992 0.00560992 0.00560992 0.751783 0.00575533 0.00575533 0.00575533
1.97856 9.6475 0.368258 0.0094571 0.0094571 0.0094571 0.572893 0.00922976 0.00922976 0.00922976
1.97856 10.215 0.17682 0.005593 0.005593 0.005593 0.160006 0.00565454 0.00565454 0.00565454
1.97856 10.7825 0.0637276 0.00280788 0.00280788 0.00280788 0.0503232 0.00288453 0.00288453 0.00288453
2.30832 0 0.0713158 0.00282103 0.00282103 0.00282103 0.0500922 0.00286945 0.00286945 0.00286945
2.30832 0.5675 0.15585 0.00448608 0.00448608 0.00448608 0.189225 0.00448561 0.00448561 0.00448561
2.30832 1.135 0.231072 0.00611126 0.00611126 0.00611126 0.729654 0.00607538 0.00607538 0.00607538
2.30832 1.7025 0.222401 0.00618635 0.00618635 0.00618635 0.740118 0.00637223 0.00637223 0.00637223
2.30832 2.27 0.37488 0.0106223 0.0106223 0.0106223 0.561369 0.0106026 0.0106026 0.0106026
2.30832 2.8375 0.502476 0.014004 0.014004 0.014004 0.414176 0.0137944 0.0137944 0.0137944
2.30832 3.405 0.446594 0.0125706 0.0125706 0.0125706 0.47839 0.012427 0.012427 0.012427
2.30832 3.9725 0.255732 0.00735621 0.00735621 0.00735621 0.699677 0.00749248 0.00749248 0.00749248
2.30832 4.54 0.154513 0.00447814 0.00447814 0.00447814 0.8182 0.00461842 0.00461842 0.00461842
2.30832 5.1075 0.193826 0.00553683 0.00553683 0.00553683 0.772543 0.00568904 0.00568904 0.00568904
2.30832 5.675 0.371673 0.0103735 0.0103735 0.0103735 0.566092 0.010376 0.010376 0.010376
2.30832 6.2425 0.526328 0.0147433 0.0147433 0.0147433 0.385874 0.0145194 0.0145194 0.0145194
2.30832 6.81 0.511702 0.0144569 0.0144569 0.0144569 0.402188 0.0142504 0.0142504 0.0142504
2.30832 7.3775 0.339818 0.00964111 0.00964111 0.00964111 0.602138 0.00969029 0.00969029 0.00969029
2.30832 7.945 0.181172 0.00514949 0.00514949 0.00514949 0.787498 0.00530052 0.00530052 0.00530052
2.30832 8.5125 0.153035 0.00429024 0.00429024 0.00429024 0.820855 0.00439363 0.00439363 0.00439363
2.30832 9.08 0.267944 0.00696728 0.00696728 0.00696728 0.690054 0.00708983 0.00708983 0.00708983
2.30832 9.6475 0.455788 0.0117373 0.0117373 0.0117373 0.472146 0.0113493 0.0113493 0.0113493
2.30832 10.215 0.18578 0.00622522 0.00622522 0.00622522 0.143415 0.00631867 0.00631867 0.00631867
2.30832 10.7825 0.0606573 0.00281977 0.00281977 0.00281977 0.0499202 0.00290944 0.00290944 0.00290944
2.63808 0 0.0715958 0.00282918 0.00282918 0.00282918 0.0499839 0.00287679 0.00287679 0.00287679
2.63808 0.5675 0.155535 0.00450415 0.00450415 0.00450415 0.188909 0.00450543 0.00450543 0.00450543
2.63808 1.135 0.238373 0.00638643 0.00638643 0.00638643 0.720714 0.00635093 0.00635093 0.00635093
2.63808 1.7025 0.2705 0.00760658 0.00760658 0.00760658 0.683569 0.00777702 0.00777702 0.00777702
2.63808 2.27 0.502516 0.0142345 0.0142345 0.0142345 0.412686 0.014004 0.014004 0.014004
2.63808 2.8375 0.64011 0.01803 0.01803 0.01803 0.25284 0.0176711 0.0176711 0.0176711
2.63808 3.405 0.581283 0.0162867 0.0162867 0.0162867 0.322023 0.0159541 0.0159541 0.0159541
2.63808 3.9725 0.335587 0.00957944 0.00957944 0.00957944 0.606759 0.00962388 0.00962388 0.00962388
2.63808 4.54 0.180892 0.00526199 0.00526199 0.00526199 0.787063 0.00541892 0.00541892 0.00541892
2.63808 5.1075 0.241052 0.00691915 0.00691915 0.00691915 0.717068 0.00706248 0.00706248 0.00706248
2.63808 5.675 0.492849 0.0137515 0.0137515 0.0137515 0.425157 0.013573 0.013573 0.013573
2.63808 6.2425 0.652064 0.0187613 0.0187613 0.0187613 0.236422 0.018408 0.018408 0.018408
2.63808 6.81 0.638438 0.0183601 0.0183601 0.0183601 0.252465 0.0180161 0.0180161 0.0180161
2.63808 7.3775 0.452651 0.0126985 0.0126985 0.0126985 0.471492 0.0125778 0.0125778 0.0125778
2.63808 7.945 0.220766 0.00626326 0.00626326 0.00626326 0.741213 0.00641272 0.00641272 0.00641272
2.63808 8.5125 0.174023 0.00489139 0.00489139 0.00489139 0.796239 0.00500299 0.00500299 0.00500299
2.63808 9.08 0.32484 0.00841521 0.00841521 0.00841521 0.624633 0.00848492 0.00848492 0.00848492
2.63808 9.6475 0.530823 0.0137553 0.0137553 0.0137553 0.385413 0.0132261 0.0132261 0.0132261
2.63808 10.215 0.192163 0.00680314 0.00680314 0.00680314 0.128866 0.00692174 0.00692174 0.00692174
2.63808 10.7825 0.0580607 0.00283345 0.00283345 0.00283345 0.0494552 0.00293501 0.00293501 0.00293501
2.96784 0 0.0716564 0.00283424 0.00283424 0.00283424 0.0499237 0.00288183 0.00288183 0.00288183
2.96784 0.5675 0.155621 0.00453069 0.00453069 0.00453069 0.188319 0.0045337 0.0045337 0.0045337
2.96784 1.135 0.245311 0.006623 0.006623 0.006623 0.712373 0.00658538 0.00658538 0.00658538
2.96784 1.7025 0.304125 0.00860028 0.00860028 0.00860028 0.64408 0.00874076 0.00874076 0.00874076
2.96784 2.27 0.573051 0.0163229 0.0163229 0.0163229 0.329913 0.0159899 0.0159899 0.0159899
2.96784 2.8375 0.699336 0.0202783 0.0202783 0.0202783 0.180283 0.0198585 0.0198585 0.0198585
2.96784 3.405 0.646738 0.0183255 0.0183255 0.0183255 0.244525 0.017928 0.017928 0.017928
2.96784 3.9725 0.390779 0.0111029 0.0111029 0.0111029 0.542707 0.0110611 0.0110611 0.0110611
2.96784 4.54 0.201412 0.00587213 0.00587213 0.00587213 0.762866 0.00603309 0.00603309 0.00603309
2.96784 5.1075 0.274312 0.00790074 0.00790074 0.00790074 0.678004 0.00801726 0.00801726 0.00801726
2.96784 5.675 0.559893 0.0157144 0.0157144 0.0157144 0.346583 0.015447 0.015447 0.015447
2.96784 6.2425 0.703367 0.0210736 0.0210736 0.0210736 0.171464 0.0206493 0.0206493 0.0206493
2.96784 6.81 0.692348 0.0205673 0.0205673 0.0205673 0.18549 0.0201625 0.0201625 0.0201625
2.96784 7.3775 0.520438 0.0145452 0.0145452 0.0145452 0.392938 0.0143284 0.0143284 0.0143284
2.96784 7.945 0.249568 0.00707588 0.00707588 0.00707588 0.707578 0.00720854 0.00720854 0.00720854
2.96784 8.5125 0.189178 0.00532884 0.00532884 0.00532884 0.778456 0.00544218 0.00544218 0.00544218
2.96784 9.08 0.361822 0.00935576 0.00935576 0.00935576 0.582143 0.00938005 0.00938005 0.00938005
2.96784 9.6475 0.571721 0.0149121 0.0149121 0.0149121 0.337788 0.0143081 0.0143081 0.0143081
2.96784 10.215 0.195082 0.00714935 0.00714935 0.00714935 0.120543 0.00728099 0.00728099 0.00728099
2.96784 10.7825 0.0565601 0.00284248 0.00284248 0.00284248 0.0491407 0.00295133 0.00295133 0.00295133
3.2976 0 0.0716564 0.00283424 0.00283424 0.00283424 0.0499237 0.00288183 0.00288183 0.00288183
3.2976 0.5675 0.155621 0.00453069 0.00453069 0.00453069 0.188319 0.0045337 0.0045337 0.0045337
3.2976 1.135 0.24531 0.006623 0.006623 0.006623 0.712373 0.00658537 0.00658537 0.00658537
3.2976 1.7025 0.304126 0.00860029 0.00860029 0.00860029 0.64408 0.00874077 0.00874077 0.00874077
3.2976 2.27 0.573052 0.016323 0.016323 0.016323 0.329912 0.01599 0.01599 0.01599
3.2976 2.8375 0.699336 0.0202784 0.0202784 0.0202784 0.180282 0.0198585 0.0198585 0.0198585
3.2976 3.405 0.646738 0.0183255 0.0183255 0.0183255 0.244524 0.0179281 0.0179281 0.0179281
3.2976 3.9725 0.390779 0.0111029 0.0111029 0.0111029 0.542706 0.0110611 0.0110611 0.0110611
3.2976 4.54 0.201412 0.00587213 0.00587213 0.00587213 0.762866 0.00603308 0.00603308 0.00603308
3.2976 5.1075 0.274311 0.00790073 0.00790073 0.00790073 0.678005 0.00801725 0.00801725 0.00801725
3.2976 5.675 0.559893 0.0157144 0.0157144 0.0157144 0.346583 0.0154469 0.0154469 0.0154469
3.2976 6.2425 0.703367 0.0210736 0.0210736 0.0210736 0.171464 0.0206493 0.0206493 0.0206493
3.2976 6.81 0.692349 0.0205673 0.0205673 0.0205673 0.185489 0.0201625 0.0201625 0.0201625
3.2976 7.3775 0.520439 0.0145452 0.0145452 0.0145452 0.392936 0.0143284 0.0143284 0.0143284
3.2976 7.945 0.249569 0.00707589 0.00707589 0.00707589 0.707577 0.00720856 0.00720856 0.00720856
3.2976 8.5125 0.189178 0.00532884 0.00532884 0.00532884 0.778456 0.00544218 0.00544218 0.00544218
3.2976 9.08 0.361821 0.00935573 0.00935573 0.00935573 0.582145 0.00938002 0.00938002 0.00938002
3.2976 9.6475 0.57172 0.0149121 0.0149121 0.0149121 0.33779 0.0143081 0.0143081 0.0143081
3.2976 10.215 0.195082 0.00714934 0.00714934 0.00714934 0.120543 0.00728098 0.00728098 0.00728098
3.2976 10.7825 0.0565602 0.00284248 0.00284248 0.00284248 0.0491407 0.00295133 0.00295133 0.00295133
3.62735 0 0.0715958 0.00282918 0.00282918 0.00282918 0.049984 0.00287679 0.00287679 0.00287679
3.62735 0.5675 0.155534 0.00450415 0.00450415 0.00450415 0.188909 0.00450543 0.00450543 0.00450543
3.62735 1.135 0.238372 0.00638642 0.00638642 0.00638642 0.720715 0.00635092 0.00635092 0.00635092
3.62735 1.7025 0.270501 0.00760661 0.00760661 0.00760661 0.683568 0.00777704 0.00777704 0.00777704
3.62735 2.27 0.502519 0.0142346 0.0142346 0.0142346 0.412683 0.0140041 0.0140041 0.0140041
3.62735 2.8375 0.640112 0.0180301 0.0180301 0.0180301 0.252837 0.0176712 0.0176712 0.0176712
3.62735 3.405 0.581285 0.0162867 0.0162867 0.0162867 0.322021 0.0159542 0.0159542 0.0159542
3.62735 3.9725 0.335588 0.00957947 0.00957947 0.00957947 0.606758 0.00962391 0.00962391 0.00962391
3.62735 4.54 0.180892 0.00526198 0.00526198 0.00526198 0.787063 0.00541891 0.00541891 0.00541891
3.62735 5.1075 0.241051 0.00691912 0.00691912 0.00691912 0.717069 0.00706245 0.00706245 0.00706245
3.62735 5.675 0.492848 0.0137515 0.0137515 0.0137515 0.425158 0.013573 0.013573 0.013573
3.62735 6.2425 0.652064 0.0187614 0.0187614 0.0187614 0.236422 0.018408 0.018408 0.018408
3.62735 6.81 0.63844 0.0183602 0.0183602 0.0183602 0.252463 0.0180161 0.0180161 0.0180161
3.62735 7.3775 0.452655 0.0126986 0.0126986 0.0126986 0.471488 0.0125779 0.0125779 0.0125779
3.62735 7.945 0.220768 0.0062633 0.0062633 0.0062633 0.741211 0.00641276 0.00641276 0.00641276
3.62735 8.5125 0.174023 0.00489138 0.00489138 0.00489138 0.79624 0.00500298 0.00500298 0.00500298
3.62735 9.08 0.324837 0.00841513 0.00841513 0.00841513 0.624637 0.00848484 0.00848484 0.00848484
3.62735 9.6475 0.530818 0.0137552 0.0137552 0.0137552 0.385418 0.013226 0.013226 0.013226
3.62735 10.215 0.192163 0.0068031 0.0068031 0.0068031 0.128867 0.00692171 0.00692171 0.00692171
3.62735 10.7825 0.0580608 0.00283345 0.00283345 0.00283345 0.0494553 0.00293501 0.00293501 0.00293501
3.95711 0 0.0713158 0.00282103 0.00282103 0.00282103 0.0500922 0.00286945 0.00286945 0.00286945
3.95711 0.5675 0.15585 0.00448607 0.00448607 0.00448607 0.189225 0.00448559 0.00448559 0.00448559
3.95711 1.135 0.231071 0.00611124 0.00611124 0.00611124 0.729655 0.00607536 0.00607536 0.00607536
3.95711 1.7025 0.222402 0.00618637 0.00618637 0.00618637 0.740117 0.00637226 0.00637226 0.00637226
3.95711 2.27 0.374884 0.0106224 0.0106224 0.0106224 0.561365 0.0106027 0.0106027 0.0106027
3.95711 2.8375 0.502481 0.0140041 0.0140041 0.0140041 0.414171 0.0137945 0.0137945 0.0137945
3.95711 3.405 0.446597 0.0125707 0.0125707 0.0125707 0.478385 0.012427 0.012427 0.012427
3.95711 3.9725 0.255733 0.00735624 0.00735624 0.00735624 0.699676 0.00749251 0.00749251 0.00749251
3.95711 4.54 0.154512 0.00447813 0.00447813 0.00447813 0.8182 0.00461841 0.00461841 0.00461841
3.95711 5.1075 0.193825 0.0055368 0.0055368 0.0055368 0.772544 0.00568902 0.00568902 0.00568902
3.95711 5.675 0.371672 0.0103734 0.0103734 0.0103734 0.566094 0.010376 0.010376 0.010376
3.95711 6.2425 0.526329 0.0147434 0.0147434 0.0147434 0.385873 0.0145194 0.0145194 0.0145194
3.95711 6.81 0.511706 0.014457 0.014457 0.014457 0.402184 0.0142505 0.0142505 0.0142505
3.95711 7.3775 0.339822 0.00964122 0.00964122 0.00964122 0.602133 0.0096904 0.0096904 0.0096904
3.95711 7.945 0.181174 0.00514953 0.00514953 0.00514953 0.787496 0.00530057 0.00530057 0.00530057
3.95711 8.5125 0.153034 0.00429023 0.00429023 0.00429023 0.820856 0.00439362 0.00439362 0.00439362
3.95711 9.08 0.26794 0.00696718 0.00696718 0.00696718 0.690059 0.00708973 0.00708973 0.00708973
3.95711 9.6475 0.455782 0.0117371 0.0117371 0.0117371 0.472153 0.0113491 0.0113491 0.0113491
3.95711 10.215 0.185779 0.00622517 0.00622517 0.00622517 0.143416 0.00631862 0.00631862 0.00631862
3.95711 10.7825 0.0606575 0.00281977 0.00281977 0.00281977 0.0499202 0.00290943 0.00290943 0.00290943
4.28687 0 0.0705638 0.00281271 0.00281271 0.00281271 0.0502192 0.00286369 0.00286369 0.00286369
4.28687 0.5675 0.157451 0.00453398 0.00453398 0.00453398 0.18784 0.00453538 0.00453538 0.00453538
4.28687 1.135 0.232282 0.00605817 0.00605817 0.00605817 0.728769 0.00601477 0.00601477 0.00601477
4.28687 1.7025 0.183948 0.00503986 0.00503986 0.00503986 0.785475 0.0052087 0.0052087 0.0052087
4.28687 2.27 0.24752 0.00702639 0.00702639 0.00702639 0.709847 0.00715685 0.00715685 0.00715685
4.28687 2.8375 0.325181 0.00918297 0.00918297 0.00918297 0.619536 0.00924471 0.00924471 0.00924471
4.28687 3.405 0.295587 0.00846979 0.00846979 0.00846979 0.653268 0.00855723 0.00855723 0.00855723
4.28687 3.9725 0.193799 0.00561785 0.00561785 0.00561785 0.772004 0.00577642 0.00577642 0.00577642
4.28687 4.54 0.139336 0.00402325 0.00402325 0.00402325 0.836157 0.00414715 0.00414715 0.00414715
4.28687 5.1075 0.15654 0.00445626 0.00445626 0.00445626 0.816353 0.00458735 0.00458735 0.00458735
4.28687 5.675 0.248456 0.00697506 0.00697506 0.00697506 0.709312 0.00710906 0.00710906 0.00710906
4.28687 6.2425 0.348374 0.00981089 0.00981089 0.00981089 0.592641 0.00984845 0.00984845 0.00984845
4.28687 6.81 0.341416 0.00974378 0.00974378 0.00974378 0.599962 0.00979547 0.00979547 0.00979547
4.28687 7.3775 0.237257 0.00682627 0.00682627 0.00682627 0.7213 0.00697588 0.00697588 0.00697588
4.28687 7.945 0.153044 0.00436532 0.00436532 0.00436532 0.820386 0.00450091 0.00450091 0.00450091
4.28687 8.5125 0.137765 0.00386187 0.00386187 0.00386187 0.838717 0.00395624 0.00395624 0.00395624
4.28687 9.08 0.214281 0.00560984 0.00560984 0.00560984 0.751786 0.00575525 0.00575525 0.00575525
4.28687 9.6475 0.368252 0.00945694 0.00945694 0.00945694 0.5729 0.00922961 0.00922961 0.00922961
4.28687 10.215 0.176819 0.00559295 0.00559295 0.00559295 0.160007 0.00565449 0.00565449 0.00565449
4.28687 10.7825 0.0637279 0.00280788 0.00280788 0.00280788 0.0503232 0.00288452 0.00288452 0.00288452
4.61663 0 0.0691266 0.00280809 0.00280809 0.00280809 0.050291 0.00286431 0.00286431 0.00286431
4.61663 0.5675 0.161324 0.00470822 0.00470822 0.00470822 0.183197 0.00471895 0.00471895 0.00471895
4.61663 1.135 0.250576 0.00646585 0.00646585 0.00646585 0.708074 0.00640154 0.00640154 0.00640154
4.61663 1.7025 0.16821 0.00453061 0.00453061 0.00453061 0.804316 0.00467895 0.00467895 0.00467895
4.61663 2.27 0.169533 0.00480252 0.00480252 0.00480252 0.801176 0.00493375 0.00493375 0.00493375
4.61663 2.8375 0.203149 0.00580251 0.00580251 0.00580251 0.761582 0.00595827 0.00595827 0.00595827
4.61663 3.405 0.206046 0.00598089 0.00598089 0.00598089 0.757591 0.00613225 0.00613225 0.00613225
4.61663 3.9725 0.177181 0.00515025 0.00515025 0.00515025 0.791471 0.00530506 0.00530506 0.00530506
4.61663 4.54 0.150745 0.00432976 0.00432976 0.00432976 0.822881 0.00446175 0.00446175 0.00446175
4.61663 5.1075 0.144436 0.00410213 0.00410213 0.00410213 0.830604 0.00421907 0.00421907 0.00421907
4.61663 5.675 0.17139 0.00484462 0.00484462 0.00484462 0.799139 0.00498092 0.00498092 0.00498092
4.61663 6.2425 0.212433 0.00605576 0.00605576 0.00605576 0.750768 0.00621068 0.00621068 0.00621068
4.61663 6.81 0.219712 0.00635757 0.00635757 0.00635757 0.741672 0.00651896 0.00651896 0.00651896
4.61663 7.3775 0.188502 0.00547667 0.00547667 0.00547667 0.778155 0.00563115 0.00563115 0.00563115
4.61663 7.945 0.153564 0.00439101 0.00439101 0.00439101 0.819707 0.00452706 0.00452706 0.00452706
4.61663 8.5125 0.138575 0.00389911 0.00389911 0.00389911 0.837657 0.00399938 0.00399938 0.00399938
4.61663 9.08 0.179236 0.00474686 0.00474686 0.00474686 0.792008 0.00489126 0.00489126 0.00489126
4.61663 9.6475 0.295947 0.00760185 0.00760185 0.00760185 0.656025 0.00748564 0.00748564 0.00748564
4.61663 10.215 0.167959 0.00506521 0.00506521 0.00506521 0.174076 0.00509728 0.00509728 0.00509728
4.61663 10.7825 0.0666671 0.00280308 0.00280308 0.00280308 0.0505195 0.00286821 0.00286821 0.00286821
4.94639 0 0.0669523 0.00281087 0.00281087 0.00281087 0.0502076 0.00287551 0.00287551 0.00287551
4.94639 0.5675 0.168076 0.00505411 0.00505411 0.00505411 0.173977 0.00508394 0.00508394 0.00508394
4.94639 1.135 0.293601 0.00753446 0.00753446 0.00753446 0.658763 0.00741883 0.00741883 0.00741883
4.94639 1.7025 0.177404 0.00470389 0.00470389 0.00470389 0.794085 0.00484776 0.00484776 0.00484776
4.94639 2.27 0.138577 0.00390893 0.00390893 0.00390893 0.837585 0.00401131 0.00401131 0.00401131
4.94639 2.8375 0.155812 0.00446633 0.00446633 0.00446633 0.817012 0.00460562 0.00460562 0.00460562
4.94639 3.405 0.193586 0.00562291 0.00562291 0.00562291 0.772236 0.00577762 0.00577762 0.00577762
4.94639 3.9725 0.223676 0.00645632 0.00645632 0.00645632 0.737155 0.00661449 0.00661449 0.00661449
4.94639 4.54 0.210404 0.00598782 0.00598782 0.00598782 0.753194 0.00614069 0.00614069 0.00614069
4.94639 5.1075 0.16711 0.00472538 0.00472538 0.00472538 0.804114 0.00485861 0.00485861 0.00485861
4.94639 5.675 0.143213 0.00407049 0.00407049 0.00407049 0.832006 0.00418735 0.00418735 0.00418735
4.94639 6.2425 0.15163 0.00436158 0.00436158 0.00436158 0.821801 0.00449618 0.00449618 0.00449618
4.94639 6.81 0.178542 0.00519711 0.00519711 0.00519711 0.789835 0.00535402 0.00535402 0.00535402
4.94639 7.3775 0.206988 0.00600513 0.00600513 0.00600513 0.756511 0.00615762 0.00615762 0.00615762
4.94639 7.945 0.202167 0.0057619 0.0057619 0.0057619 0.762802 0.00591773 0.00591773 0.00591773
4.94639 8.5125 0.167871 0.00474717 0.00474717 0.00474717 0.803166 0.00487626 0.00487626 0.00487626
4.94639 9.08 0.168122 0.00452306 0.00452306 0.00452306 0.804454 0.00467038 0.00467038 0.00467038
4.94639 9.6475 0.251809 0.0064955 0.0064955 0.0064955 0.706671 0.00643054 0.00643054 0.00643054
4.94639 10.215 0.161505 0.00471858 0.00471858 0.00471858 0.183222 0.0047302 0.0047302 0.0047302
4.94639 10.7825 0.0690532 0.00280753 0.00280753 0.00280753 0.0504813 0.00286404 0.00286404 0.00286404
5.27615 0 0.0642084 0.00282211 0.00282211 0.00282211 0.0499079 0.00289801 0.00289801 0.00289801
5.27615 0.5675 0.177147 0.00557501 0.00557501 0.00557501 0.160038 0.00563266 0.00563266 0.00563266
5.27615 1.135 0.363864 0.00932523 0.00932523 0.00932523 0.578055 0.00910153 0.00910153 0.00910153
5.27615 1.7025 0.209883 0.00550331 0.00550331 0.00550331 0.756795 0.0056485 0.0056485 0.0056485
5.27615 2.27 0.136855 0.0038485 0.0038485 0.0038485 0.83969 0.00394481 0.00394481 0.00394481
5.27615 2.8375 0.157668 0.00450716 0.00450716 0.00450716 0.814927 0.00464898 0.00464898 0.00464898
5.27615 3.405 0.249899 0.00718422 0.00718422 0.00718422 0.706631 0.00732639 0.00732639 0.00732639
5.27615 3.9725 0.35096 0.00998728 0.00998728 0.00998728 0.589036 0.010023 0.010023 0.010023
5.27615 4.54 0.342861 0.00964216 0.00964216 0.00964216 0.599121 0.00968577 0.00968577 0.00968577
5.27615 5.1075 0.23534 0.00661656 0.00661656 0.00661656 0.724468 0.00675672 0.00675672 0.00675672
5.27615 5.675 0.150463 0.00429087 0.00429087 0.00429087 0.823385 0.00441834 0.00441834 0.00441834
5.27615 6.2425 0.140822 0.00406918 0.00406918 0.00406918 0.834396 0.00419595 0.00419595 0.00419595
5.27615 6.81 0.201687 0.00584475 0.00584475 0.00584475 0.762818 0.0060047 0.0060047 0.0060047
5.27615 7.3775 0.303549 0.00868995 0.00868995 0.00868995 0.644057 0.0087699 0.0087699 0.0087699
5.27615 7.945 0.324583 0.00915723 0.00915723 0.00915723 0.620274 0.00922264 0.00922264 0.00922264
5.27615 8.5125 0.242454 0.00687704 0.00687704 0.00687704 0.715763 0.00701059 0.00701059 0.00701059
5.27615 9.08 0.181804 0.00497395 0.00497395 0.00497395 0.788008 0.00514021 0.00514021 0.00514021
5.27615 9.6475 0.233027 0.00606687 0.00606687 0.00606687 0.727985 0.00602143 0.00602143 0.00602143
5.27615 10.215 0.158002 0.00454776 0.00454776 0.00454776 0.18765 0.00454896 0.00454896 0.00454896
5.27615 10.7825 0.0706988 0.00281944 0.00281944 0.00281944 0.0502842 0.00287059 0.00287059 0.00287059
5.60591 0 0.0613014 0.0028392 0.0028392 0.0028392 0.0494292 0.00292779 0.00292779 0.00292779
5.60591 0.5675 0.186311 0.00619591 0.00619591 0.00619591 0.143694 0.00628388 0.00628388 0.00628388
5.60591 1.135 0.449061 0.0115283 0.0115283 0.0115283 0.480101 0.0111487 0.0111487 0.0111487
5.60591 1.7025 0.259993 0.00677596 0.00677596 0.00677596 0.699099 0.00690238 0.00690238 0.00690238
5.60591 2.27 0.151383 0.00425978 0.00425978 0.00425978 0.822665 0.00436567 0.00436567 0.00436567
5.60591 2.8375 0.189345 0.00539247 0.00539247 0.00539247 0.77792 0.00554949 0.00554949 0.00554949
5.60591 3.405 0.360844 0.0102301 0.0102301 0.0102301 0.577752 0.010249 0.010249 0.010249
5.60591 3.9725 0.52346 0.0147625 0.0147625 0.0147625 0.38861 0.0145393 0.0145393 0.0145393
5.60591 4.54 0.517635 0.0144767 0.0144767 0.0144767 0.396158 0.0142629 0.0142629 0.0142629
5.60591 5.1075 0.347497 0.00972218 0.00972218 0.00972218 0.593988 0.0097592 0.0097592 0.0097592
5.60591 5.675 0.181946 0.00521045 0.00521045 0.00521045 0.786287 0.0053612 0.0053612 0.0053612
5.60591 6.2425 0.157829 0.00457327 0.00457327 0.00457327 0.814332 0.00471666 0.00471666 0.00471666
5.60591 6.81 0.273197 0.00783922 0.00783922 0.00783922 0.679472 0.00796134 0.00796134 0.00796134
5.60591 7.3775 0.460931 0.0129681 0.0129681 0.0129681 0.461724 0.0128042 0.0128042 0.0128042
5.60591 7.945 0.501452 0.0139886 0.0139886 0.0139886 0.415272 0.0137852 0.0137852 0.0137852
5.60591 8.5125 0.365133 0.0103482 0.0103482 0.0103482 0.572673 0.010346 0.010346 0.010346
5.60591 9.08 0.217611 0.00604143 0.00604143 0.00604143 0.745742 0.0062257 0.0062257 0.0062257
5.60591 9.6475 0.23147 0.00610246 0.00610246 0.00610246 0.729323 0.00606308 0.00606308 0.00606308
5.60591 10.215 0.156755 0.00450421 0.00450421 0.00450421 0.188799 0.00450269 0.00450269 0.00450269
5.60591 10.7825 0.0716321 0.00283427 0.00283427 0.00283427 0.0500454 0.00288277 0.00288277 0.00288277
5.93567 0 0.0588246 0.00285657 0.00285657 0.00285657 0.0489174 0.00295673 0.00295673 0.00295673
5.93567 0.5675 0.192935 0.0067625 0.0067625 0.0067625 0.12935 0.00687444 0.00687444 0.00687444
5.93567 1.135 0.522636 0.0134842 0.0134842 0.0134842 0.395207 0.012966 0.012966 0.012966
5.93567 1.7025 0.313143 0.00813783 0.00813783 0.00813783 0.637923 0.00821789 0.00821789 0.00821789
5.93567 2.27 0.171722 0.00484684 0.00484684 0.00484684 0.798773 0.00496242 0.00496242 0.00496242
5.93567 2.8375 0.232632 0.00661287 0.00661287 0.00661287 0.727351 0.00676256 0.00676256 0.00676256
5.93567 3.405 0.477388 0.0134059 0.0134059 0.0134059 0.442615 0.0132474 0.0132474 0.0132474
5.93567 3.9725 0.647829 0.0186714 0.0186714 0.0186714 0.241176 0.01832 0.01832 0.01832
5.93567 4.54 0.643608 0.0184356 0.0184356 0.0184356 0.24686 0.0180873 0.0180873 0.0180873
5.93567 5.1075 0.462835 0.0129317 0.0129317 0.0129317 0.459983 0.0127977 0.0127977 0.0127977
5.93567 5.675 0.223286 0.00642799 0.00642799 0.00642799 0.737612 0.00658045 0.00658045 0.00658045
5.93567 6.2425 0.186637 0.0054233 0.0054233 0.0054233 0.780404 0.00558092 0.00558092 0.00558092
5.93567 6.81 0.363186 0.0103178 0.0103178 0.0103178 0.574938 0.0103228 0.0103228 0.0103228
5.93567 7.3775 0.596535 0.0167574 0.0167574 0.0167574 0.303911 0.0164133 0.0164133 0.0164133
5.93567 7.945 0.638553 0.0180364 0.0180364 0.0180364 0.254364 0.0176813 0.0176813 0.0176813
5.93567 8.5125 0.490302 0.0138913 0.0138913 0.0138913 0.426904 0.0136838 0.0136838 0.0136838
5.93567 9.08 0.262981 0.00737729 0.00737729 0.00737729 0.692392 0.00755092 0.00755092 0.00755092
5.93567 9.6475 0.238369 0.00635901 0.00635901 0.00635901 0.720897 0.00631902 0.00631902 0.00631902
5.93567 10.215 0.156706 0.0045256 0.0045256 0.0045256 0.188306 0.00452523 0.00452523 0.00452523
5.93567 10.7825 0.0720442 0.00284725 0.00284725 0.00284725 0.0498544 0.00289489 0.00289489 0.00289489
6.26543 0 0.0573887 0.00286756 0.00286756 0.00286756 0.0485811 0.00297481 0.00297481 0.00297481
6.26543 0.5675 0.196036 0.00710176 0.00710176 0.00710176 0.121126 0.0072261 0.0072261 0.0072261
6.26543 1.135 0.563078 0.0146073 0.0146073 0.0146073 0.348245 0.0140153 0.0140153 0.0140153
6.26543 1.7025 0.347744 0.0090257 0.0090257 0.0090257 0.598127 0.00906459 0.00906459 0.00906459
6.26543 2.27 0.186486 0.00527624 0.00527624 0.00527624 0.781424 0.00539497 0.00539497 0.00539497
6.26543 2.8375 0.26368 0.00749144 0.00749144 0.00749144 0.691101 0.00761849 0.00761849 0.00761849
6.26543 3.405 0.544517 0.0152749 0.0152749 0.0152749 0.364516 0.0150264 0.0150264 0.0150264
6.26543 3.9725 0.699492 0.0209038 0.0209038 0.0209038 0.176333 0.0204884 0.0204884 0.0204884
6.26543 4.54 0.696107 0.0206917 0.0206917 0.0206917 0.181007 0.020277 0.020277 0.020277
6.26543 5.1075 0.529817 0.0148493 0.0148493 0.0148493 0.381828 0.0146197 0.0146197 0.0146197
6.26543 5.675 0.2529 0.00730655 0.00730655 0.00730655 0.70277 0.00744233 0.00744233 0.00744233
6.26543 6.2425 0.208907 0.00608107 0.00608107 0.00608107 0.754198 0.00623897 0.00623897 0.00623897
6.26543 6.81 0.424126 0.0119765 0.0119765 0.0119765 0.504303 0.0118836 0.0118836 0.0118836
6.26543 7.3775 0.660539 0.0188372 0.0188372 0.0188372 0.227609 0.0184319 0.0184319 0.0184319
6.26543 7.945 0.697593 0.0203035 0.0203035 0.0203035 0.181901 0.0198851 0.0198851 0.0198851
6.26543 8.5125 0.560923 0.0159635 0.0159635 0.0159635 0.344176 0.0156514 0.0156514 0.0156514
6.26543 9.08 0.294916 0.00831703 0.00831703 0.00831703 0.654899 0.00846515 0.00846515 0.00846515
6.26543 9.6475 0.244986 0.00658185 0.00658185 0.00658185 0.712956 0.00653934 0.00653934 0.00653934
6.26543 10.215 0.156932 0.00455381 0.00455381 0.00455381 0.187624 0.00455487 0.00455487 0.00455487
6.26543 10.7825 0.0721736 0.00285484 0.00285484 0.00285484 0.0497509 0.00290242 0.00290242 0.00290242
